146 οὔτι

4614166666,66
666166166666
666666666
666666666
666666666
666666666
666666666,
6666666661
1666666616
1666166666666
666

- οὐδὲ

666666666
666666666
1666666666
661666666
666666666
666666661
666666666
666666666
666666666
6666666666
6666666661

οὔτι 13,8831,13 1934,451111,1’1233

οὐκΙ,112122326212129 14151162134134138
4141414142412,16112 144145153,3155168115,

666666666 6666666661
666666666 666

66666666666μ66666666
666666666 6666666666

6666666661
66666666616

v 202223 2335 36 36 40 40

6666666666
1666666666
666666666
666666666
666666666
666666666
666666666
661666616666
6666661666

13341,1,3263991110,
23118 21120323336

444549515610188486 .-

66666666661
666666666
666666666
666666666
6666666666
6646646666
6666166666,
6616 66,666666
666,16666

6666666666666166
666666666,66666
666666666666666
66666666666666666
6666666666666666
6666666666666666664
6666666666666666666
6666666666666666666

 

