112 κατηγορίαν- Κέφαλος

--, - ψᾹ--ι-

κατηγορίαν 12,3 81 19,3 22,7 κελεύουσίν) 1, 27 49 12, 26 27,
26,3 31,2 134,6
κατηγορίαι 19, 66 κελεύωσι(ν) 14, 22 16, 8 22, 6
κατηγορίαις 20, 11 κελεύοιεν 12, 76
κατήγορος 7,11 12, 81 24,4 9 κελεύειν 1,4013,42 14,6 16,6
18 26, 13 Ph 2341)
κατηγόρου 12, 99 26, 10 κελεύων 18, 14
κατηγόρῳ 24, l κελεύοντος 14, 8 191
κατήγορον 7, 11 12, l 24, 23 κελευόντων 6, 64 22, 6
κατήγοροι 20,7 17 26,6 κελεύοντας 22,10
κατηγόρων 14, 24 19, 2 6 61 ἐκέλευον 1,12 12182238 12,
20,18 21 22, 18 22 26,1 14 1216161764
27,1430,134 ἐκέλευεν 1, 1922,9176,3
κατηγόροις 16, l 21, 26 κεκελευκότες 1, 34
κατηγόρους 6,4 20,10 16 26, ἐκέλευσα 1, 37
14 29, 1 ἐκέλευσείν) 12, 10 68 73 13,81
κατολιγωρήσαντες 9, 16 19, 22 f 76, 24
κάτοπτον 7, 28 κελεύσαι 1, 41
κατορθῶσαι 18, 13 κελεύσαντος f 76,6
κάτω 1,9 9 10 2, 7 κελευσθέντες 22, 10
κεῖται 14,6 κερδαίνει 13, 84
κεῖνται 32, 23 κερδαίνουσιν 22, 13
κεῖσθαι 14, ll κερδαίνωσιν 20,7
κείμενος 6,9 κερδαίνειν 7, 21 18, 16 20,17
κειμένων 2, 1 20 64 64 76 26,131,18
14, 40 κερδαίνοντες 6, 4 22, 20
κειμένοις 2, 76 10, 32 22, 3 ἐκέρδαινον 7, 32
30, 17 κερδανῶ 8, 20
κειμέναις 14,9 κερδανεῖ 31 , 17
κειμένους 1,48 2, 60 66 16,9 κέρδος 2, 29 7,12 8, Ι13 26,6
ἔκειτο 31, 27 32 28,11 31, 6
ἐκείσθην 13, 37 κέρδους 1, 4 2, 14 7, 13 17
Κεῖοι 136 21, 19
κείρασθαι 2, 60 κεφάλαιον 19, 40 43 69 32, 22
κελεύει 1, 32 10, 12 12, 74 (κε- κεφαλαίοις 13, 33
λεύοι libri) l4,5 22,6 6 30, κεφαλήν 3, 14 40 6,16
21 κεφαλάς 3, 18 42
κελεύετε 12, 39 13, 89 Κέφαλος 12,4

 

