78 . ἐναντιώσονται - ἐνθυμηθέντας

ἐναντιώσονται 13, 11 ἐνόντα 12, 10
ἐναντιωσόμενοι 13, 21 ἐνῆν 1, 5 42
ἐναντίως 4, 8 ἐνῆσαν 1,5
ἐναντιώτατοι 12, 55 ἐνέχοιντο 29,11
ἐνάψασθαι 1,14 ἐνέχεσθαι 1, 32
ἐναργῶς 6,3 ἐνθάδε 2, 1 1 620 22 26 54 60
ἐνδεεῖς 2, 31 124491 13,11 ,64661516 3, 42 6,4616
14, 14 18, 23 21, 25 28 29 1, 42 12, 98 131244
ἐνδεοῦς 1, 41 68 (ἐνθένδε libri) 19, 36 36
ἐνδέδεικται 6, 30 26, 20 28 29 31, 9 16 33, 2
ἐνδειχθείς 6,15 ἐνθεν 6, 28
ἕνδεκα ]0,1016 11,5 13, 86 ἐνθένδε 13, 63
14, 11 15,3 19, 46 22,2 ἐνθανόντων 16,15
ἐνδεῖ 21, 2 ἐνθυμεῖται 30,11
ἐνδεῶς 31,4 ἐνθυμεῖσθε 3, 46 10, 30 11, 11
ἐνδημοίη 9, 5 13, 93 14, 13 19,1283151
ἐνδημοῦντες (ἐνδεεῖς ὄντες (11· 60 22, 20 26,29 28,10 30,
bri) 6,39 12133
ἔνδοθεν 3,3 ἐνθυμοῦ Ph 234b .
. ἐνδον 1,11 23 23 21 41 3,6 10, ἐνθυμεῖσθαι 1, 38, 15,8 21,19
ψ ’ 11 19, 2241 f 15,4 22,11 21,1 30, 13 Ρ5233(1
ἐνεδρεύεσθαι 1,49 ἐνθυμούμενος 1,1311 16, 20
ἐνδύς 6, 51 ἐνθυμουμένῳ 12, 15 Ι
ἕνεκα 1,4 2, 10 51 3, 40 4,9 ἐνθυμούμενοι 11,1 32,18
6, 5 39 39 39 41 41 49 54 ἐνθυμουμένους 4,18, 5,3 6, 32
54 1, 13 1120 40 42 10,55 1,30 10,2131 12, 85 15,2
ιο,ιτ την ιντιιιω 13, 4 νο, 13 ντ, ιο ”
20 52 53 85 14, 5 12 44 19, ἐνετεθύμητο 12, 10
1311 38 20,3444 30, 31 ἐνθυμήσεσθαι 12, 45
3133 22,3 (οὕνεκα libri) 4 ἐνεθυμήθη 31, 21
122020 23,10 24,2 25,18 ἐνθυμηθῶ 12, 41 19,1
26,19 30, 1318 31,30 32, ἐνθυμήθητε 1, 40 6, 50 18,1
10 (οὕνεκα libii) 33, 121 24, 19 26, 6 31, 31
ἕνεκεν 1,44 12, 69 19, 56 51 ἐνθυμηθῆναι 14,1139 19, 63
20, 36 ’ 21,15 25,821 31,26
ἐνεστην) 3,4 31,2 ἐνθυμηθέντες 3, 22 12, 94 94
ἔνεισιν 16, 6 14, 41
ἐνη 23,6 ἐνθυμηθέντας 18, 25 28, 11

 

