ὠφθην - ὅς

ὤφθην 19, 55

ὠφθησαν 27,3

ὠφθώσι(ν) 27, 6 Ρ112321

ὀφθεῖσα 1,8

ὀρνέων S 1 112

ὀργῆς 10, 29 18, 19 19, 26 29,
12 32, 19 175,1

ὀργῇ 10,3011,11

ὀργήν 6, 42 9, 15 12, 20 25, 5
29, 6 Ρ112330

ὀργάς 1, 28

ὀργίζεται 14, 39

ὀργίζεσθε 12, 30 80 25, 16 (ὀρ-

γίζοισθε libri) 27, 11 15 30,

13 ·

ὀργίζονται 16,17

ὀργίζοισθε 18,1529,9 “,

ὀργίζεσθαι 6,17 12, 2 12; 58
14,82ο2ο,12υ,11828,2

18·28,ο8ο,2881,1ιιώ,8
ὀργιζόμενος 2, 27 8, 12 (ipsud-

μενος libri)
ὀργιζομένη 1,15
ὀργιζόμενοι 2, 62 3, 39 12,Ι 90

30, 12
ὀργιζομένους 14, 13 .
ὠργιζόμην 1,12
οργιιετο 1881188 J
ὠργίζεσθε 27,15Ι . ·· ’
ὀργιούμενοι 15,9
ὀργισθήσεσθε 21, 20
ὠργίσθημεν 32, 21
ὠργίσθητε 21,9
ὠργίσθησαν 22,2
ὀργίσθητε 12, 96
ὀργισθῆναι 10, 28 11, 9
ὀργισθείς 10, 30 11, 11
ὀργισθέντες 2, 45

ὀργισθέντας 26,14

Ὀρθοβούλου 16, 13

Ὀρθοβούλῳ 16, 13

Ὀρθόβουλε 16, 13

ὀρθῶς 10, 5 15 13, 86 18,18
21,1223,1143168

ὡρισάμην 17,6

ὁρίσαι 2,19

ὁρίσας 110

ὁρκοῦν 20, 26

ὅρκιον 20, 26

ὅρκος S 1251

ὅρκῳ 31,2

ὅρκον 3, 1 13, 9020, 14 S f 157

ὅρκοι 6, 39 13, 89

ἶ 81111113, 21 818 18, 88 14,4ο

15,8 31, 31 171
ὅρκοις 10, 32 25, 23 28 34 31,2
ὅρκους 2, 62 9, 15 12, 47 77
13, 21 88 88 89 14, 47 15,10
18, 13 25, 27 26, 16

· ὁρμώμενος 14, 27 20, 2431, 17
ι’ Ὀρνεάς (ὀρνεούς Xk: ὠρεούς 6)

14, 28

. ὅρους 2, 26

ὀρρωδοῦντας 28, 7

’ ὀρφανίας 26, 12

ὀρφανή 2, 60

ὀρφανών 26, 12 32, 23 143

ὀρφανοῖς 32, 24 132 191

ὀρφανούς 2, 71 18, 22 21 , 24

ὀρφανός 3,7

ὠρχῆσὸαι S 1254

ὅς l, 16 30 3,8 11 296,7722
22 7, 10 10 15 7,19 2329
10, 27 31 11,9 12 12, 50 65
13, 57 (ὅσ γε : ὥστε libri) 58
14, 17 26 30 35 15,1010

 

