132

ναυμαχίαν 19, 28

ναυμαχίαν -

Νικομαχίδην

——a--n-n-m-'fl

νεωρίων 13, 99 -

ναυμαχίαις καταείμενον ιααααιαα σανα

ναῦς 2, 30 37 40 42 12, 38 39
687113,1414,3818,519,
21 43 21,622, 14 26, 23 28,
2451133,534,3

νεώς 21,68

ναῦν 12, 42 21,79 31,26

νῆες 13553446 21,9

νεῶν 2, 45 58 13,15 (νηῶν li-
bri) 21,11 30,10

ναυσίίν) 2, 27 28 32 35 49

Ναυσιμάχου 21, 9 11

Ναυσίμαχον (Λυσίμαχον libri)
21, 10

ναυτικόν 2, 34 34

ναυτικά 32, 67 14

ναυτικούς 191

ναυτοδίκαι 17,5 81 10

ναυτοδίκας 17,8

, νεανίαι 10, 29 Sf 324

νεανιευόμενον S 1324

νεανίσκου 3, 1017

νεανίσκον 1, 37 3,17

νεανίσκους 32, 19

νεκρῶν 2,738

νεκρούς 2, 7 10

Νεμέᾳ 19,οὃ 194

ἐνειμάμην 10,10

ἐνείμαντο 32,4

ἐνειμάσθην 19, 46

νέος 14, 25 30,2110,1175,4

νέα 159

νέᾳ 23,6

νέοι 24,17

νέαις 24, 10

νέους 24, 16

νεώρια 13, 40

νεωστί 12, 78 17,9 18, 1819
19, 48 49 175, 4

νεώτατον 20, 28

νεωτερίζειν 20,,16

νεώτερος 16, 20 1 16, 2

νεώτερα 13,6

νεώτερον 6, 32

νεωτέρῳ 24,7

νεώτεροι 2, 72

νεωτέρων 2, 51 16, 11 175,4 .

νήσους 14, 30

νικῷεν 2, 24

νικᾷν 4,3

ἐνίκων 2, 10 15 31 46 52 12, 36
21 , 3 4

νενίκηκα 21,5

νενίκηκε 18,14

νενικήκασι 26,3

νενικηκέναι 2, 38

νενικηκώς 19, 52

ἐνίκησα 21,2

= ἐνίκησεν 19, 03

ἐνίκησαν 2, 59
νικήσωσι 34,8
νικῆσαι 19, 28
νικήσας 21, 1
νικήσαντες 2, 24 41 68 12, 92
νικήσασι 12, 92

νίκην 2, 20 59

νίκας 26,3

Νικήρατος 18, 0 19, 47
Νικηράτου 18, 10
Νικίας 13, 23

Νικίου 18, 1 6 19, 47
Νικοκλέους 13, 64
,Νικομαχίδην 30,11

 

