ἔστιν -

1416318811 1635616

2127,1028,1291231,13

46612132020232426

31334113112146163,
1111416 1176182188

1961102 Ρ1123οΡ11232

0οΡ1123308170

’ ἐστι’(ν) 1,164,413 6,3141
10,4611,3 13,33 90 18,
9 19,9 30 20, 33 (εἴη116νί),
22,624,6791826,814
27,11 28,9 29,13 31,9 34
134134144176,1182
Ph231ab

ἐσμέν 20, 30 30 3] 33

ἐστέ 6,13 36 43 60 8,16 12,92
96 20, 20 34 26,2 27 ,16 34,
2 (εἰσὶν libri)

εἰσί(ν) 1, 34 2, 72 3, 46 6,6 6,
13 26 37 66 7,6 23· 34 39
’ 10,477292911,312,

’ 22 22 38 13, 17 28 77 92
14,64116,6192119,10
48 61 67 262916 20 36
22,2102024,626,6910
11193311,18111318,1
29,1230,3131,4661011
18 32, 22 178,4 Ph 2310

617,1

ῇ8,1812,713,8618,1620,
31273

ὦσι(ν)6,6420, 1230,2831,26
εἴην1,1,183308994 1(εενῑ
libri) 12, 9 24, 23 2331,4
116, 1 (ἦν libri)

εἴη1,12161,,92273466
436,,39721268,1 1,097

11111114 11191511)
Index Lysiacus. Holmoe.

εῖναι 66

13,8 [66] 14,28 17,1 4 18,3
19, 22 62 20, 13 13 31 22,18
232911 13 24,8 26, 23 28,
329,91130,231,33132,
26 26 26 34,11
Ρ11231,4
εἴημεν 10, 26 18, 10 20, 23
εἴητε 1,1
εἴησαν 12, 82 18, 8 29, 12
εἶεν 12,648 13,819, 33
εἶναι 1,6610 26 29 29 31 32
3334362,168141418
19 21 24 33 36 73 73 78 81
3,69910101617283636
404144464,12146,146
6,31213164444607,211
⁴ 12 17 2021 26 28293336
36 36 (εἰπεῖν libri) 37 8,1 2
8161710,2389101216
181912,16914242831
33 36 37 40 42 49 61 6666
67 79 79 86 87 89 91 93 96
133710182164687273
778386889191929314,4
789913 711819 192626
293113436384016 ,1279
16133911 31131721
17, 4116669 01,11866
3171222626 19111 14
16 26 28 30 36 36 42 44(ει
1161646 46 47 49 62 63 69
20,81011141923293132
21,101112161717 1919
21124262622,27 131923,
226789101112131313
1324,479162226,6666
Ι7111719212328323234

3425458919202123
6

 

14114 ,

