ιιο

κριτήν 4, 3 4

κριταί 16, 21

Κριτιάς 12, 43

Κριτίου 13, 55

Κριτίᾳ 12, 55

Κριτοδήμου 19, 16

ἔκρουσε 183

κρύβδην 6, 53 12, 91 15, 10
ἔκρυπτε 32,7

κτώμενοι 2,10
ἐκτῶντο 12, 93

κέκτημαι 17, 4 24, 6

κέκτηται 33, 5 1 1, 5

κεκτῆσθαι 2, 24 19, 48 33, 7

κεκτημένος 3, 24 14, 38 16, 14
29, 4

· κεκτημένοι 2, 51 61 18, 20

,κεκτημένων 7, 7 Ρ11232ὓ

κεκτημένοις 27,11

κεκτημένους 12, 20 24, 16 28, 2
34, 4 Ρ11232ο

ἐκεκτήμην 7, 32 24, 11

ἐκέκτητο 19, 27 31, 14178,3

ἐκεκτήμεθα 34, 3 (libri ἐκτήμεθα
et ἐκτησάμεθα) Ph 2331

ἐκέκτηντο 2,17

κτήσονται 34,5

ἐκτησάμην 7,5

ἐκτήσατο 19, 42 63 29, 2

ἐκτήσαντο 2, 5 43 44 12, 93

κτήσασθαι 12, 19 14, 33 19, 29
24, 6 11 26, 22

κτησάμενος 19, 37

κτησαμένῳ 19, 30

κτησάμενοι 2, 62 19, 9

ἔκτεινεήν) 10,]11112

κτεῖναι 1, 25 10, 12

Κτησικλέους 9, 6

κριτήν -

κωλύσητε
Κτησικλεῖ 16
Κτήσων 133
κυβερνήτην 21, 10 ’
κύβους 16, 11
κυεῖν 13, 42
κυζικηνούς 12, 11
Κυζικηνούς 32,6
κυκλικῴ 21,2
κυκλόθεν 7, 28
κύτταοσις(κύπαστιςΒῦὓθλ8158
Κύπριοι 19, 43
Κύπρου 6, 28 19, 21 23
Κύπρῳ 19, 36 39 40 44
Κύπρον 6,6 19, 25 ’25
κύρβεων 30, 17 17 18
κύρβεσι 30, 20
κύριος 6,1026,11 297182
κύρια 9,11
κύριον 1, 21 12, 2626, 12 30, 4
κύριοι 9,1212,4415,826,9
κυρίους 30, 29
κυρίας 18,15
κυριωτάτη 1, 36
κυριώτερον 1, 29 15, 11
ἐκύρωσαν 9,11
κύνες 158
ἐκωόωυίζοντο 8 1 313
κωλύει 24, 13
κωλύοι 18, 22
κωλύειν 2, 14, 8,18
κωλυόντων 13, 24 15,11
κωλύσετε 6,15
κωλύσουσι( ) 13, 17 24, 13
ἐκώλυσεν 33,2
ἐκώλυσαν 12, 21

1 κωλῦσαι 33, 48
κωλύσαντες 26,5
κωλύσητε 20, 36

 

