προσάγοντος - προσελθοῦσα

Μ*

(α. dat.) 10, 28 28 11, 1010 προσβαλεῖν 14, 33
12, 12 13, 41 81 14, 11 19,1 προσγίνεται 24, 8
16 29 32 31 55 55 63 26, 12 προσγέγραπται 13, 85
31, 5 169 194 81 10 8110 προσεγέγραπτο 13, 85
(c. acc.) 1, 2 14 16191919 προσγράψασθαι 13, 86
212,22891420222425 προσγραφῆναι 13, τι ’
31 3333414141 48 65 3, προσδεδανεῖσθαι 19, 26
’3 3 4 22 23 40 40 45 4, 51 προσεδανείσατο 19, 55
10125,156, 11383840 προσδεῖν 19,22
511,28,,1336889912 προσεδεήθησαν 19,21
1313151616111919 9, προσδοκῶν 1,39
1510,662212,22114 προσεδόκων 29,1
14 23 23 24 24 38 41 51 52 προσεδοκῶμεν 2,11 19, 53
5366616169 84 93 95 13, προσεδοκᾶτε 19, 39 25, 22
1549 15 80 80 82 88 89 89 προσδοκῆσαι 26,1 -
14,2 1533 41 42 42 15,12 προσεδοκᾶτο 19, 41 48
“ 16, 2101010 121213 18 προσόντων (προσηκόντων libri)
1,1,15581835561011 14,29
1315 1515115 1119,1111 προσίοι, l 2020
20 22 325 6210, 26 21 προσιέναι 16, 16
10 22, 38 23, 2 2 2 4 5 13 προσιόντος 2, 35 20, 26
24, 10 12 20 20 20 21 2425, προσιόντα 21,13 (προσόντα li·
51023303426,44513 bri)30,19
1414 6222421, 428,1 προσιόντες 313 60
29,3 014 30 114263 32, προσιόντων14, 3110,19 (libri Ι ·
1210 101112 214 22 25 προσόντων et προσόντα) 32
νοιιψινιατσιιιο 23 ν]
153,3165115,1244118, προσῄεσαν1,2 ’
1Ph 2319 bPh 23299 Ph 234 προσενθοιηθωσιν 26,13
999 81260 προσέρχεται l, 15
προσάγοντος 8,14 ’ »προσεληλύθασιν 22,1
προσῆγε 8,10 προσεληλυθέναι l, 16
προσαγάγοιεν 6, 29 προσῆλθον 1, 34 23, 89 116, 1
προσαιτοῦσι Ph 2339 προσῆλθε 30, 20
προσαιτοῦντας Ρ112339 προσελθεῖν 19, 25
προσαπογράφει 13, [31] 56 προσελθών 9,4 12, 13 13, 81· γ
προσαπολωλέναι 12, 64 16, 13 16 11, 1
προσβάλλοντες 153, 3 προσελθοῦσα 1, 16

 

