44-

,-.------

γινώσκοι 23, 6

- γιγνώσκοιεν 23,7

γινώσκοιεν 23,3

γιγνώσκειν 23, 3 7 31 , 20 188
189

γινώσκειν 8,16 23,13 24,5

γιγνώσκοντες Ph 2331)

γιγνώσκοντας 20, 31

ἐγίγνωσκον 20,9 23,5 ,

ἐγιγνώσκετε 12, 73

ἔγνωκεν 22, 16

ἐγνώκατε 17,6

ἐγνωκέναι 1,19 [7, 39] (om.
libri) ,

ἐγνωκότες 13, 36

έγνων 24, 10

έγνω 3, 35

ἔγνωτε 3, 21 4,4 18, 18

ἔγνωμεν 13, 13

ἔγνωσαν Ph 2320

γνῶτε 14,4

γνώναι 2, 42 3, 28 35 6, 42 14,
37 16,7 17,7 19131824
273653 23,12 25,10 31,
20 33,414 178,3Ρ6231θ

γνούς 13, 17

γνόντες 2, 20 24 12, 75

γιγνώσκεσθαι 6,6

γιγνωσκόμενον 153, 3

ἐγνωσμένα 1,2

γνώσεσθε 1, 39 17,9 19,11
19 24, 27 25,7 31,3

γνώσεσθαι 15, 8 22, 2 31, 27 34

γλάμωνι 14, 25

Γλαυκίππου 21, 1

γλαυκότερον S 1 250

Γλαύκων 123

γλῶττα 192

γινώσκοι - γραφάς

γναφεῖον 3,15 23,2 32, 20

γναφέα 3,16

γνησίαν 2, 43

γνησίως 2, 76

γνώμη 6, 50

γνώμης 33ιέ

γνώμῃ 2, 17 24 42 6,7 9, 21
12, 58 16,8 18,221 26,14
31,611 32, 12 33,67 34,2

γνώμην 1,117173647 2,13
354567 3,221 6,51422

’ 7,12·233610‚21 ιι,ν ιν,
2427 359091 91 13,4615,
41216,511172120,77
1420 21,192522,192124,
14 25,13151720212229
26,10141618 27,7 28,12
34,79 187 190

γνώμαις 2,3 12, 79 ’

γνώμονας 7, 25

γνώριμος 9,14

γνωρίμων 6, 30

γονέων 12, 96

γονέας 13, 45

γόνῳ 13, 91

γόνατα 1,19

γόνασι 18,10

γοῦν 6,4445 10,21 11,7 (οὖν
libri) 12, 75 13, 88 25,4112

γράμματα 32,714 22 26 114

γράμμασιν 16,7

γραμματεῖον 4, 3

γραμματείων 32,7

νεανῆς 1055

γραφῇ 14ι47

. γραφήν 9,7 14, 47 16,12

γραφών 13, 55 15,1

γραφάς 1, 44 13, [65] 73 6170

 

