ἐφεῖῆς - ἔχων 93

ἐφίεσαι 116,2

ἐφίενται 1235

ἐφεστηκότων 21, 13

“ ἐφόδια 1211

ἐφοδίων 16, 14 ,

ἐφορεῖας S 1315

ἔφοροι 1243 76

ἐφόρων 1246

ἔχθιστος 29, 7

ἐχθίστοις 3219

ἐχθίστους 1254

ἔχθρα 1,443 12,2 13,]

ἔχθρας 21467 9,7 13 13 22
12,2 13, 44 18,5 2214

, Ρ112341

ἔχθρᾳ 9,10

ἔχθραν 222 9,15 20 12,2
27, 1628, 16 31, 2175,1
Ph 232 Ph 233 81261

,ἕχθρός1,164,57,20 3222

ἐχθρόν2, 1,6914 1,,220141
240 15, 12 24,2

ριν τω
’ mmmm

ἐ

ἐ

ἐχθροί 4,10 25,6

ἐχθρῶν 2, 16 64 65 3, 3441 6,
24 7,30 39 40 10,28 11,10

1231607988 13,781,4
30 16,3 18,3 19,260 64
21,17 25, 15 21 22 23 27,8
28,9 34,4

ἐχθροῖς 262 4,13 6, 31 24,7
25, 20 29,2

ἐχθρούς 1,28 2, 74 6,7 22010,
1311,6 12,5114,21925,
18 29,9 30, 33 153,3 190

ἔχω4,96,20359,1412,24
18,2410,1625,11727,4 ·
2812 32281260
ἐχεις81 144
ἐχει1,162141,5,6673143
10,7111,,14143519,4920,
173225,,18261,,627629
1434,91271341921102
ἔχομεν 25,35 -
ἔχετε 6,18 55 10, 26 30 11,9
1Η2ωωωωοωω
2219 24,1425,20
ἔχουσίν) 10, 29 1288 17,5
19,11 24,1926,17 27,6
(ἕξουσι libri) 225 143
ἐχῃ 13, 76 30, 22

, ἔχωμεν 19, 61

ἔχωσιν 14,6 31,6

ἔχοιμι 3, 46 4,18 21, 21 30,15

ἔχοι 4,2 6,12 7,14 11,1012,
50 59 74 83 19, 6 25 50 51
60·20, 27 21, 18 30, 1228
14123

ἐχοιτε 1,1 1231 25,3 28,3
29,9

ἔχοιεν 16, 17 18,2 19, 30

ἔχειν 1,314 36 2,7 56 64 66
31921489614237,1
2238510 2128 117
12311510 1,1346781,411
15,1416,,,101817193
332 33 36 48 56 58 20,19
21,1 161924,121 1251321
26,,,9273282529,531,
1122 32, 20 (ἑλεῖν libri) 28
187 190 Ph 231(1 Ph 234b

ἔχων 1,27 3, 27 32 38 6, 34
7, 9 29 34 (παρέχων libri)

 

