ἀποδείξειαν- ἀποθνήσκοιμεν

ἀποδείξειαν (ἀποδείξειεν libri)
16,7
ἀποδεῖξαι 7, 5 14 43 12, 34 39
13, 49 [49] 51 76 16,12 20,
523,1 29,530,1111 32,
172029 BCH 1150
ἀποδείξας 16,8
ἀποδείξαντας 27,13
ἀποδείκνυνται 32, 29
ἀποδέδεικται 13,9515,.11 17,
10 21,1
ἀποδεδεῖχθαι 3, 40
ἀποδεδειγμένος 12, 27
ἀπόδειξιν 9,8 12, 19 18,13
ἀποδέχεσθε 13, 83 14, 24 19,6
30,1
ἀποδέχεσθαι 4, 14 18 12,28 13,
89 25, 11 (ὑποδέχεσθαι libri)
30,9
ἀπεδέχου 11,5
ἀποδέξησθε 24, 7
ἀποδέξαιο 10,10
ἀποδημοῦσι 16,5
ἀποδημῶν 21,3
ἀποδημοῦντος 6, 39
ἀποδημοῦντες 6, 44
ἀποδημούντων 16,6
ἀποδημοῦντας 30, 7
ἀποδημῆσαι 3,10
ἀποδημήσαντος 19, 34
ἀποδημίᾳ 6,6
ἀποδιδράσκουσιν 16,17
ἀποδιδράσκειν 10,17
ἀποδραίην 9, 21
ἀποδράς 6, 27 28 (ἀποδράσας
libri)
ἀποδράντων 2, 46
ἀποδίδωσι f l,3

ἀποδιδόναι 31, 24

ἀποδιδούς 6,1

ἀποδεδωκέναι Ph ‘231¹'

ἀποδεδωκώς 32, 29

ἀποδεδώκει 16

ἀποδώσει 15, 10 29, 8 30, 27

ἀποδώσετε ’12, 60

ἀποδώσειν 8,10

ἀπέδωκείν) 4, 1 2 34, 5

ἀπέδωκαν 19,7

ἀπέδοσαν 22, 2 f 7 5, 6

ἀποδοῦναι 2, 75 3, 25 4,8 12,
58 18,26 20,27 28,17 30,
22 Ph 233θ

ἀποδούς 19, 25

ἀποδόντι 4,9

’ἀποδόντες 7, 70

ἀποδέδοται 1, 2 30
ἀπέδοσθε 19, 31
ἀπέδοντο 12, 99 17
ἀποδόμενος f 72
ἀποδοθῆναι 17,10
ἀποδικάζων 8 f 304

¹ ἀποδιοπομπεῖσθαι 6, 53

ἀποδοκιμάζει 6, 33
ἀπεδοκιμάζετε 26,10
ἀπεδοκιμάσατε 13,10
ἀποδοκιμάσητε 26,6
ἀποδοκιμάσαιτε 31, 31
ἀποδοκιμάσαι 26, 14 1515
ἀποδοκιμάσαντες 31 , 13
ἀποδοκιμασθῆναι 26, 13 31,3 20
ἀποδάσμιοι 118
ἀποδεδύσθαι 10, 10
ἀπεδύσατο 175, 1
ἀπόθετος 8,17

ἀποθνήσκει 6,14
ἀποθνήσκωμεν 18,8

 

