πλήθει - ἐποίει

--...-.--..-..-..-

13,1116,1318,220,124, ποδοκάκκη 10,16
25 νο, ιο 3ι,ο κωκκικκῃ ιο, ιο ιο ’
πλήθει 2, 40 42 66 9, 15 12, 42 ποθεινότερον 2, 13
4341161131 1910148] πόθεν8,119,1020,3332,9
14,1018,468891122 ποθεῖς Ρίι2349 ’
20,221 25,1 13 28 28,1 ποθεῖν 2,1114,1
30, 9 31,2 18 34, 6 ποθήσομοι 8, 18
πλημμελοῦντας 9,10 πόθος 2, 39
πλήν 1, 4 4 43 45 2, 14 6,645 ποῖ 29,2
12, 41 54 64 13, 38 24,6 ποιεῖς 32,11 148
25, 31 ποιεῖ 15, 10 20, 21 Ph 232ο Ph
κιηρκοῆκκκ τοι 233¹> ’
πλήρωμα 21, 10 ποιεῖτε 8, 20 21, 16
πλησίον 3,11 ποιοῖισιίν) 5, 2 1, 13 13, 3 21,
πλησμονῆς Ρ11233Θ 20 21, 11 28, 13 Ph 231Ιι
πλινθεῖον 81161 ποιῇ 1,1120,3132,11 ’
πλοῖα 13, 25 26 52 58 ποιιῖιμεν 30, 21
πλοίων 13, 26 ποιῆτε 14, 12 25, 20
πλοῦ 19, 20 ποιῶσιίν) 20,13 21 30, 12
πλοῦν 2, 29 19,43 ποιεῖν 1,619 33 31 2,214 46
πλούσιος 1,428,130,21115,3 513,5126316,133441,
πλούσιοι 19, 30 24, 11 25, 26 20 8,319 9, 20 103912,
30 21932, 23 558 85 85 13,824 18 92 ,
πλουσίων 19,1532,1122 14, 11 15 20 21 36 31 45
πλουσιωτάτοις 24,9 16,1 18, 13 23 20, 36 21,1
πλουσιωτάτους 28,4 22, 2 11 19 25, 16 19 31 33

πλουσιώτερος 25, 16 30, 34 Ρ1] 2319 Ph 233(1 ’
πλουσιώτερον 19, 15 ποιῶν 3, 5 1, 32 24, 14 18 26,
πλουτοῦσι 28,1 3 31, 3 ·
πλουτεῖν 19, 45 ποιοῖιντα 11,1 19, 35

πλουτοῦντι 21 , 15 ποιοῦντες 2, 56 68 8, 5 12, 84
πλουτοῦντες 12, 56 18, 19 24 19, 64 20, 32
πλουτοῦντας 8,1 ποιούντων 20, 32

πλουτήσει 32, 25 ποιούντας 12, 20 13, 84 25, 22
πλουτῆσαι 18, 18 ἐποίουν 12, 25 29 12 99 13, 35
πλούτου 2, 33 80 33,2 16, 11 11 11,3 20, 16 24
πλοῖιτον 18, 11 ἐποίει 6, 23 50 (ποιεῖ libri) 15,
πλουτῶν 6, 48 5 19, 59 20, 16

 

