100 · θᾶσσον - Θετταλίαν

θᾶσσον 12, 56 Θεοπόμπου 21,1
θᾶττον 4,6 21, 14 29,1 θεός 6, 19 20 20 20 21 31 131
θάτερον 6, 8 12, 34 θεῷ 20, 24
θαυμάζω 3, 44 5, 3 1, 23 12, θεώ 6,3
, 341349 14, 1123 19, 49 θεοί 1533
25,13θ,1133,134,21531 θεῶν 2, 39 40 58 4, 20 6,,11 13
θαυμάζει 2,11 ⁴ 15 22 51 54 12, 96 133 95
θαυμάζετε 20, 1,8 19, 34 54 153, 2 1 71
θαυμάζουσιν 14, 46 θεοῖς 6, 10 29 33 53 18, 18 26
θαυμάζειν 12, 86 25, 16 30 32 21, 15 25, 22 34, 10
θαυμάζοντες 22,1 θεούς 2, 7 9 6, 11 19 25 28 33
ἐθαύμασα 12, 41 45 51 8, 18 9, 17 12,9 14, 42
θαυμάσῃ (erat θαυμάζῃ) 118, 1 31, 31 32, 1311 1531 ·
θαυμάσαιμι 9,2 Θεοτίμου 14, 26
θαυμάσιον 6, 20 Θεόφιλος 312
θαυμαστόν 2, 26 3, 24 4,1 1,1 θεράπαινα 1, 23
22, 18 30,9 θεραπαίνης 1, 11
θαυμαστά 2, 20 θεράπαιναν 1,8 16 18 31 32, 28
θεάτρῳ 13, 32 55 θεραπείας 13, 45
θεῖος 32, 12 θεραπεύσουσι 24,6
θείου 18,1 θεραπεύων 1, 26 Ph 233b
θεῖον 32,5 θεραπεύοντες 6, 51
θεῖα 2, 29 153, 3 θεραπεύοντας 2, 81
⁴ θεμιστεύειν 8123 θεραπεύεσθαι 19, 31
Θεμιστοκλέους 12, 63 ἐθεραπεύοντο 14, 14
Θεμιστοκλέα 2, 42 30, 28 θεράποντος 10, 19
Θέογνις 12, 6 15 - θεράποντες 5, 5 1, 34
Θεόγνιδι 12, 15 θεραπόντων 5,3
Θέογνιν 12, 13 14 θεράπουσιν 1, 35
Θεοδότου 3, 5 θεράποντας 1, 42 1, 16 43
Θεοδότῳ 3, 22 Θερὲνικος 1134
Θεόδοτον 311 Θερμοπύλας 2, 30
Θεόκλεια 159 Θερμώδοντα 2,4 ,
Θεόκριτος 131921 θέσεως 8,10
Θεόκριτον 13, 19 22 θεσμοθέται 15, 2
Θεομνήστου 10, 31 θεσμοθέταις 8110
ΙΘεόμνηστον 10,126 Θεσμοφορίοις 1, 20 ¹
Θεόμνηστε 10, 8 16 Θετταλίαν 6, 6

 

