198 ὑμῶν -ὑμᾶς

· 555555555
555555555
555555555
555555555
555555555
555555555
555555555
555555555
555
55555555555
555555555
555555555
5555555ω5
555555555
5555555,5
555555555
5Η4555 55555
555555555555
55ψ555555

555545555
55555555
5555555555
5,55555 μ55,55
55555555555,
555555555
555555555
555555555
555555555
555555555
555555555
5555555555
55555555
555555555
555555555
555555555
555555555
5,55,555555
555555555. 555

152325262719,5113 ὑμᾶς1,113283647,31 23

283453576420,11882
131930 31 3535 3636 21,
311 111617 11711192 23
2522, 121162023, 16 24
13202021 1232526253
469113 415 162432
26,2112151327,312

28,47830,112132727

28 31, 4 12 19 32 33 32,2 1111

34,2114144678,11198
ὑμῖν 1,25591622344041

42 34431415 202837
· 4445464,312146,378
810 13 16 32 34 43 47 50
5054 7,311 1442 8,445
6171818191919209,
11 10, 3 11, 9 12, 3435 38
40 42 46 57 58 74 79 84 92

55554,5 4555
555555555
555555555
555555555
5555555555
555555555
555555555
5555555555
5555555
555555555
555555555
555555555
555455555,5
5555 ω55555
5555555555
555,5 555555
5555555555
555555555

 

