ὅτι

ffi-..n—-u—-n

000000000
0000090011
000000000
0000000019
000000000
000000001
000000000
020400000

- οὐ 145

000,100000
Μ509900000
0000οΜ0999

0010009019
00000190019
000000009
000000001
09000000

00000000οπ00001
000000000 000 ¹
000000000 0000000000

31333421,710141415
22,137101113171819
202123,12121313151 16
·24,5511192625,58810
17192425272826,2345
6913141623232427,1
151213151628,91016
29,12131430,281212
14 15 17 21 2224 2528 33
33 3431,3 14 21 26 27 321
1133,434,2891015144
153,3178,4179179Ρ11
231οᾱ Ρ1123219 Ph 233(1 Ph
234b
0000000094
510,253112,915164874
7477 77 18,13 19, 1651 60
’ 22,223,2367931,632,9
251101

per ellipsin 2, 41 77 12, 57 14
1119,1323,224,2028,15
33,5 “

(= ”,)23 12 (μη ὁτι) f75‚3
ὁτι (1119109 111171, 115502, 23
72723484, 12114,14636
3640408,88200,1012

’ 0000000019,

Index Lyslaous. Holmes.

23 25 31 32 3454 5658 63
65676768773,7283744
46484,671112131315

6820535567 019 ’

19 22 22 263030 30 32 34
34 3436 39 3941 55 7,711
151518232326278,79
1013159,13182010,678

4151820 22301
13346611 112,257720 v

2527 33 34 3842 4646 48 ’

0000000110
0000000009
000000000
000000000
000090009
000009000
000000000
100000000
000000000
000000000
000100000
1900000000
0,00000000
1mwwm,1mfflffl1
Μο90900,40
1

10 3141620263426,22
10

 

