4 ἠδικῆσθαι -

ἠδικῆσθαι 4, 20

’ἠδικημένος 1, 45 4, 20

ἠδικημένου 30, 32

ἠδικημένοι 28,11

ἠδικημένων 26,1

ἠδικημένοις 6, 44 44

ἠδικημένους 6, 21 30, 22

ἠδικήθην 23,5

ἀδικηθείς 3, 39 ’

ἀδικηθέντος 6,15

ἀδικηθέντες 6,16

ἀδικηθέντων 31, 19

ἀδίκημα 1, 24 31,21

ἀδικήματος 1,2 21,4 31, 21

ἀδικήματα 25,19

ἀδικημάτων 1, 45 9, 22 12, 80
82 13, 83 21,6 30,13 31,
1121

ἀδικίαν 9,18 19,10

ἄδικος 19,1

ἀδίκου (δικαίου libri) 9,16

ἀδικον 151

άδικα 2, 46 12, 25 25 25, 20

ἀδίκων 4,11 12,5 ,

ἀδίκως 1,46 2,6 3, 41 6, 55
1, 41 9,92122 12,2132
32 34 35 56 51 (δικαίως libri)
515888 13, 21 60 14, 31
42 16,111 18,1121 19,4
455154 20, 35 21,11 22,
20 24,1 25,626, 21 21,1
28,13 29,5 32,13ν33,1
1162143

ἀδικώτατοι 1 1,2

ἀδοκίμαστος 14,8 8 15,11 8113

ἀδοκίμαστον 26,8

ἀδοκιμάστων 15,1 16,13

Ἂδράστυυ 2,1

Ἀθηναῖοι

Ἀδρίαν 32,25 11,4

ἀδυναμίαν 31 , 16

ἀδύνατος 1’4,44 11,1 31,1215

ἀδύνατον 6,3 8,2 22, 11 24,
13 26, 6 (δυνατὸν X: οὐ δυ-
νατὸν 0)

ἀδύνατοι 31,18 18

ἀδυνάτων 24, 4 13

ἀδυνάτοις 31, 11 32, 23

ἀδυνάτους 2,13 24, 16 25,2
30, 24

ἀδυνάτως 12,3

ἀεί 6, 30 31 8,19 19,53 20,
wffiffiQffiffist

ἄερκτον 1, 28

ἀετώματι (αὐτοματι Xk: αὐτῷ
οἰκήματι 0) 14, 25

ἀείμνηστοι 6, 25

ἀείμνηστα 2, 20

ἀειμνηστότερα 26,4

ἀζήμιος 11,4

ἀζήμιον 19,8 .

ἀζημίους 1,8 22,1119 21, 16

ἀηδίας 1102 ·

ἀηδῶς 16,2

ἀήττητοι 33,1

ἀθάνατον 2, 6 23 81 33, 1

ἀθάνατοι 2, 80 ·

ἀθανάτους 2, 18 80

ἀθεωτέρους 6, 32

Ἀθηνᾷ 13, 81 19, 39

Ἀθήναζε 118, 3

Ἀθῆναι (Ἀθηναίων libri) 6, 25

Ἀθήνησι 18,13

Ἀθηναῖος 13, 131316 16

Ἀθηναῖον 13, 59 10 1012 12

Ἀθηναῖοι 1,61 2,1 12 15 30

Ι 31454650 6811415055

 

