ἀλλοτρίως - ἁμονοίας 11

ἀλλοτρίως 33,1

ἄλλως 3,429 37 7,636 12, 45
14, 41 15, 10 28,5 34,5
Ph 232³

ἀλογίστως 7,12

ἀλογον 26,19

ἀλογώτατον (λόγῳ τὸ τῶν libri)
4,19

ἀλύπῳ (ἀλύπως libri) 6, 32

ἀλυπότατα 24, 10

ἀλώμενος 6, 30

Ἀλωπεκῆθεν 19,16

· ἀμα2,336,8347,3(ἐνο;

ἀλλ’ Χ et cett.) 23 12, 67
13, 5 55 55 71 (ἀλλὰ X: ἀλλ’
ἐν O) 16, 20 21 28,7 (ἀλλὰ
libri) 1711,24
Ἆμάζονες 2,4
ἀμαθέστατον 8,7
ἀμαθέστερος 6, 45
ἀμαθίας 3, 34
ἁμάξης 195
ἀμάχητον 171
ἁμαρτάνει 3,8 31, 23
ἁμαρτάνουσιν 186 ’
ἁμαρτάνειν 1, 48 31,11
ἁμαρτάνων 6, 34 ¹
ἡμάρτηκε(ν) 14, 28 30,25 31,24
ἡμαρτήκασιν 14, 42
ἡμαρτηκέναι 14, 38
ἡμαρτηκὼς 24, 26
ἡμαρτηκότος 14, 23
ἡμαρτηκότι 14, 29
ἡμαρτηκότα 20, 34 31, 24
, ἡμαρτηκότες 2,9 5,3
ἡμαρτηκότων 18,10
ἡμαρτηκόσιν 7 , 1 18,9 33,9
175,5

ἡμαρτηκότας 14, 21 24 25, 3
1626

ἥμαρτεν 6, 21

ἡμάρτετε 12, 98

ἡμάρτηται 20,4

ἡμαρτῆσθαι 20, 22

ἡμαρτημένων 1, 18, 2, 6 3, 10
25,19 26,12 -

ἡμάρτητο 31,20

ἁμαρτήσεσθαι 31, 27 28

ἁμάρτημα 1, 26 617 13, 69

ἁμαρτήματος 13, 69

ἁμαρτήματα 6, 19 20 22 38 39
4955 14,217 46 20,44
25521 29,12 31,423

ἁμαρτημάτων 1, 47 3,9 6, 41 ,
50 7,5 12,47 14, 1329 21,
20 22,18 31,2

- ἁμαρτήμασι 28,7

ἁμαρτίας 8,3 20, 34
ἁμαρτίαν 31, 27

ἀμβλωσις S 1 24

ἀμεινον 2, 6 6, 35 50 13, 3 25,

1321 26, 21 348149Ρὴ Α

232(1
ἀμείνους 2, 73 14, 19 30, 33
ἀμέλειαν Ph 231b
ἀμελοῦντες 16,19 25,1
ἀμελοῦντας 34,9
ἠμελεῖτε 18, 17
ἠμέλησε 7,15
ἀμελήσωμεν 174
ἀμελήσας 15,10
ἀμελήσαντας 15,10
ἀμίάνρος 12, 15
ἁμιλώμενος 21,5
ἀμνημονεῖν 31 , 25
ἁμονοίας 25, 30

 

