68 εἰπόντι — εἰσαγγελιῶν f

εἰπόντι 10,12 11,6

εἰπόντα 8,8

εἰπόντων 20,7 14

εἰποῦσι 20,10

εἴργεσθαι 6, 24 52

εἵρχθη 6, 28

εἰρήνη 17,3 20, 33

εἰρήνης 7,4 12, 95 13,589
wQffiQffi

εἰρήνῃ 7, 78 26,22 27,10

εἰρήνην 12, 68 13,8 11 1315
161647 14,4

εἷς 3, 29 8,19 13, 67 19, 60
20,1 23,7 24,10 13 22 24
26,3

·ἕν 4,11 6, 44 53 7, 28 13, 69
18,3 24, 21 31,1

ἑνός 2, 54 6, 39 10,8 11,4
12, 37 99 13, 33 91 28,1
30,632 31, 30

μιᾶς 7, 28 18, 21

ἑνί 13, 38 92 92

μιᾷ 2,17 24 54 12,52 24,12

ἕνα 8,1919 16, 10 20, 16 26
28 31,31 ’

μίαν 153,2

εἰς 1,468161617 17 1818
20222525 2626363840
414748 2,9911 15 162
25 28 30 30 32 34 40 46 49
52 525253595961 65 3,1

’1235671517202529
34383944454648535

959599955
9995555599
555999955
555555555
555955955
559555595
595955955
595555595
559555559
595995959
95555555,τ
95,11Μ9919559
9599919 ω995

2319,69910 1010192121

425 25 25 30 39 39 43 4355

555591555,1
99514991959
5999555591
559595995
95555955
959955595
59555Η559
551555551
55555595,
159559555
59555995,1
15953199155
15919 91555
555555955
555599591,
55555955
wmsswwwfflwh
55

913111317171819195,2 ἐς3,1113,18133(ἐνίἰί)11“),

346,599913192127

1751

27 28 29 30 33 33 34 45 46 εἰσαγγελίας 30, 22
(εἰ libri) 48 52 52 54 7,16 εἰσαγγελίαν 16,12
26 29 32 37 42 8, 1 9, 46 εἰσαγγελιῶν 12, 48

 

