110

πολυπραγμοσύνῃ 1 , 16
πολυπράγμων 24, 24
πολύς 23, 11 2410192

πολυπραγμοσύνῃ - πολλάς

3005305η3
353005150
Qwfflmwffmw

πολλή (libri vel πολλοῖς vel πολλαί 14, 19

πολύς vel πολλῇ) 161

πολύ 1, 15 48 49 2, 21 40 44
3,5444,131411195 2
46,61,24319,142010
121 11, 4 12, 32 55 13, 51
[65] 13 14, 13 15 21 45 41

15,916,231 1832321,

5Μο33535
03055555,
5553η3053
053553555
(ωωψψωωηᾼῠ

mmzwuwfflwii

240465,36,2041411,1
119119, 1610 20129
31 50 14 83 1,343 [65] 69
951 14102429381 161419
11,1018,,131945102129
33 35 45 41 48. 48 49 56 23,
124,2625,1691126,13
20 (πολλούς libri) 28, 1 29, 1
30, 21 26 34 31,134 32,1
24933,334,10134118,
2 Ph 2320 Ρ11233Θ

10355535583003055055

Ph233b

πολλοῦΙ, 126115163, 41
4,,8125268,141,5103
12,111 68 86 5,118, 20
19, 3 21,6 25 23,5 13 24,1

’ 535330335

2310 Ph 233(1

πολλῆς 2, 5 12, 2 13, 45 16, 10
25, 11

πολλῷ 2, 58 6, 49 8, 1 12, 89

3,35οηη35ω
503330505
053550033
5555335Ή3
055505053
iwmwmffifflmffi
wmfflaeaestQwh
mmfflffi

πολλοῖς 3, 29 12, 51 19, 18 20,

ωῃηηηοηωο

330005οω33553033535

·3500553

26

30303330043503050355

23, 2 15 30, 5 29 f 92 Ph
233ο

πολλήν 1, 48 2, 28 12, 3 85 16,
1 19,1 16 22,19 24,9 25,1
30, 23

πολλοί 2, 11 3, 39 6, 2 1, 38

4033555035
333555530
350355550
553300334
1ηωῃωωο50
0405553

10, 25 11‚1 13, 33 33 13, 33 πολλάς 1,162,2ο313,416,

305505330

330555505

 

