64

εἰδώς - ἐστίν

--...--. a..--. — *u*-

133333333333333
3333Η4333 3333
3333333313333333331

333333333

26 27 29

333333333 33333

33333

εἰκοστόν 16,4 11,1

ε133ς1,3311433,333 1113 seuam 3, 31 313 3, τ τ 3,

12, 76 13,1177 16,1419,
13 23, 12 25, 17 36, 22 32,1
εἰδότα 9, 21
εἰδότες 2,13 23 32 37 7,35 8, 8

1Η3333333,

1333333133 Ἴ
333333333 Δ
333 ,

(εἰπόντες libri) 12, 69 15,9 εἰκόνος 111
17,2 20, 33 21, 14 25,1 ἴασιν 2,22 (ἴωσιν Xk) Ι

26, 8 27, 8 16 Ρ112329
εἰδότων 1 75, 2
εἰδότας 1, 36 3,4 14,4 19, 51
30,33 33,4
ᾔδειν 1,4142 10, 30 1
“ 3333

ἰτε 7 , 10
ἰέναι 16, 16 32,12 140 (erat

εἶναι)

ἰόντι1,22
1,211 εἰμί3,4407,,,349910163

26, 2621,1 1182431 12(εἴην

1334131333314313131 11311113131413 334 33

ᾔδη 8,13

ᾔδεσαν 4,15 12, 76

εἴσεσθε 14, 43 25, 25 31116
εἴσεται 14, 12

1331313334

εἰ 1119 13 13 13, 48 87 22,5

1 16, 2 (εἰμι libri) Sf 159 Sf
159

εἰσονταιῙ 36 12 35 3118 14ἐέστ11ν1192330343536 3,9

26, 14 28,16 16Ρ1123399
εἴσεσθαι 12, 166 19, 59 22,13
εἰσόμενοι 12, 35 27,7
εἰκάζειν 6, 20
εἰκῇ 7,12
εἰκός 1,6 2, 74 3, 25 7, 13 38

9,19 12, 27 27 27 28 64

13, 46 ,14, 424 31 16, 5 19,

35173136 39 58 26, 36

23,11” 1,24 16 2711162515

3013 631311133Ρ11

2319 Ρ112339
εἰκότα 3, 37 19, 53

3333334Ὴ3
3313331333
3333333333Δ
133333333
333333333
331333333
333333333
333333333
3133333333
333333333
3333333333
1333333333

333333333

 

