ὠφέλεια - ὠφελιμώτεροι 213

———-

9146,79112733507,1 (1)28,11151730,161833,
2628 37 8,4 9,17 10,513 6 Ph 231θ Ph 232Ν

13 14 11,2 7 12, 3 22 33 33 ὠφέλεια 7, 13 25, 10 27,2
3437 505867 70769192 ὠφελείας 19,6228,4
fflmfflwfflfflfflfflfflwmffiffi

[66] 93 οι 99 99 ιλ, 1 9 9 οφειειιι 99, 99 25, ιι Ph 939ι
12 27 34 35 38 39 40 15,8 Ρ1ι234ο ’
16,278172117,’118,9 ὠφέλειαι 19,62

12 16 25 19,735 4452 61 ὠφελειῶν 19,35

62 20,89927 33 3421, 16 ὠφελεῖν 13, 36 19, 59 20, 23
17 22,2141515161920 24,631,12

24, 1318 25,33 26,2511 ὠφέλουν 6,49
27,27101128,1141629, ὠφελήσει 31,17·
73035833 32, 20 34,5 ὠφελήσετε 20,31

8 11 11, 3 5 175, 3 Ph 231bd ὠφελήσειν 2, 45 9, 16

Ph 232¹> Ph 2331) Ι ὠφέλησας 12, 26
ο.191.1,26332,2367272 ὠφέλησαν 12,98

32629 33 43 4,55,26, ὠφελῆσαι 6,49

20 24 38 8, 13 10, 1512,1 ὠφελεῖσθε 16,18

431 13, 9 46 78 14, 18 42 ὠφελοῦνται 22, 20
16,51010151618,613 ὠφέλημαι 21,18

22 19,4 16 63 20,44 12 24 ὠφελοίμην 9,14

24 25 29 21, 18 19 23, 11 24, ὠφελεῖσθαι 27, 7 Ρ1ι232(1
425,815 17 26 26,4712 ὠφελουμένη 31,22

17 28,929,730,11 31,1 ὠφελούμην 8,18

13 20 32,13 18 19 27 34, 1 ὠφελήσεσθε 19, 61
11,44153,3175,6178,3 ὠφεληθήσεσθε 18, 20

1 90 S 1261 ὠφεληθησόμενον 29, 4
per ellipsin 2, 26 60 71 3, 32 ὠφελήθη 17 ,2

37 7, 16 14, 37 44 16, 18 19, ὠφεληθῆναι 31,3 19

36 21, 13 24, 20 25, 27 26,9 ὠφελιμώτατοι 20, 23

23 27, 13 (ἴσως τ’ X: ἴσως ὠφελιμώτεροι 34,4

————

 

