ὑμῶν- ὑπαρχόντων ι ⁷ . 199

-ι--ι

οωιοαὺαμμ οααμααααο ’

111822 2225252522,2 34,5
62123,131524,51010 ὑμέτεροι 12,3513,9614,39
1212 1313 14 1518 2225, ὑμέτεραι 13,5 34
11910131118182123 ὑμέτερα 6,168,120,2021,6
αμμαὺαιοα αῃαὺωωωυα
141621,1255111315 31,11
28,441181415161111 ὑμετέρων 12,530 14253145
29,28131430,16112 18,1920,31121,131515
162425313232333435 1825,162121,1928,13
31,14102022213434 36101112131329,35
32,132634,515116,1 ’30,2631,1134,5 ’
118,1 ὑμετέροις 10, 28 11, 10 13, 91
ὑμῶναύτῶν1,18,816 12,91 24,1425,1928,101129,
9415,4823,2028,1 11 ’

ὑμῖν αὐτοῖς 1,1438,1912, ὑμετέραις 12,1914,3218,3
8014,15]8,1319,6421, 21,10
1228,151629,8831,34 ὑμετέρους 6, 48 12, 51 13, 34
ὑμᾶςαύτούς6,411,258,519 19,828,141415
1912,691418,1521,14 ὑμνοῦσι 2,2 Ι

21,14 28, 14 14 34, 2 ὑμνοῦντας 2, 3

Ὑμέναιος f 82 ν ὑμνοῦνται 2, 80

ὑμέτερον 12, 66 81 (ὑμετέρου ὑπῆγεν 6,19

libri) 13, 2 11 169214, 34 ὑπακουόντων 2, 29
18,45619,1920,2410 ὑπάρχει 12,23

16 19 21 26 25, 3 32 26,9 ὑπάρχειν 25,4
μαΉωωωωο mmmwst

ὑμετέρου 9, 11 10, 21 12, 14 ὑπάρχοντος 9,16 12, 13
13,]12018,220,124,25 ὑπαρχούσης 2,8149,1514,
ὑμετέρας 12,30509418,524 218,519,29

22, 14 34, 11 ὑπάρχουσαν 2, 31 12, 10 18, 10
ὑμετέρῳ 12, 42 43 49 61 13, 1 ὑπάρχοντες 25,6

19 10 [48] 51 18691120, ὑπάρχοντα 13, 91 18, 6 31, 18
22125,12828,1 19
ιωμαααααἩομωααωωωᾙαὺ
2022,1325,21 14,4618,2219,112020,
ὑμετέραν 1, 366,3411,912, 36 21, 2531, 1532, 2834,
39 (ἡμετέραν libri) 16 91 91 6 8

 

