178 πρώτω - πως

πρῶται 2,4

πρώτων 16,18

πρώτοις 30, 33

πτώματα S f 203

πτωχείαν 32, 10

πτωχοῦ 30, 27

πτωχούς 32, 17 11,5

Πύγελα S f 59

πυελίόα S f 106

Πυθέας 175, 1

Πυθοδώρου 7,9

πύλαις (φυλαῖς libri) 13, 81

πυνθάνομαι 6, 37 12, 62 13, 88
30, 17

, πυνθάνονται 7 , 18 22, 14

πυνθάνοισθε 25, 22

πυνθάνεσθαι 12, 2 25, 23

πυνθανόμενοι 7, 2 8, 8

ἐπυνθανόμην 23, 3 7

πεπυσμένος 1,18 12, 17

πεύσῃ 1,16

πεύσεται 1, 21

πεύσονται 14, 12 13 22, 19

πευσόμενον 1211

ἐπυθόμην 1,11 9,ι’)

ἐπυθόμεθα 1 75, 2

πύθηται 1, 44

πύθωνται 22, 21

πυθοίμην 10,9

πυθέσθαι 2, 23 4,13 7, 37 42
22, 22 23, 6 32, 27 Ph 232ἢ

πυθόμενος 3, 6 23, 3

πυθομένη 13, 46

πυθόμενοι 2, 32

πυθομένων Ph 231θ

πύξ 4, 6

1
πυρριχιστάς 21

πῦρ 1101

λ Πυριλάμπους 19, 25

πυρκαϊάς 7, 24
πυρούς 177

’ Πύρρα Silii)

πυρριχισταῖς 2 ,4
1

7

πώ 6, 10 24 25 που libri) 10, 30
13, 31 15,5 16,3

πωλοῦσιν 17

πωλῶσιν 22, 13

πωλοῖεν 22, 11

πωλεῖν 22,8 15

πωλῶν 150

πωλοῦντας 22, 12

ἐπώλουν 22, 12 ³

πωλητήν (πωλιτῶν libri) 29, 3

πώμαλα 81254

πώποτε 1, 43 45 3, 19 23 4,19
5, 3 7, 25 29 40 8, 15 20 10,

υτ 12, 3 4 νο 86 16‚1818,
, τώυωωωπυα-
ου, ιι 12 32, 3 νο ιπηι
ιοονιυιιν

πώς 1, 27 2,·74 3, 25 4, 7 6,
22 7,611161718288,6
811, 6 12, 28 49 84 13, 22,
26 69 7787 91 19, 17 33
20,13 15303522, 10 17
18 24, 9 12 23 25, 14 26,
12 14 27, 9 28,2 29, 77
30, 19 31, 12 31 31 33,4
174175,5Ρ11231οᾱ

πως 7, 1 10, 15 26, 17 (6 τί
πωςε τις ὅπως X¹¹; ὅπως τι
0) 116,2

 

