210 χωρία - ψῆφον

χωρία 1, 25 28,1 ’ χωρίοις 1, 24 Ι
χωρίων 2,3014,3516,16 , χωρίς 21,522,16

Ψ

υαμυυη εου ψηφιζομένους 12, ιο
ψευδεῖς 12, 48 ἐψηφισμένοι 22, 19
ψευδῆ 19, 4 20, 11 11 18 21, ἐψηφισμένα 12, 30
13 f 88 ψηφιεῖσθε 19, 64 21, 1 12 23,
ψεύδομαι 4,12 16 25, 20
ψεύδεται 3, 23 28 35 4, 13 ψηφιοῦνται 14, 41 Ι
[24, 2] 119 ψηφιεῖσθαι 15, 8 22, 1 21, 2
ψεύδονται 1,391,1122, 1 11 ψηφιούμενοι 15,9
ψεύδηται 24, 15 ἐψηφίσατο 13, 35 24, 22 30, 19
ψεύδεσθαι 1, 38 19, 51 24, 25 ἐψηφίσασθε 6, 29 16, 6 18,15
186 ' 19, 21 28,5 30,11
ψευδόμενος 13, 10 ἐψηφίσαντο 12,1518,14 26,20
ψευδόμενον ι, 11 12,] με, 1 ηῖμηφισησοε τηε 27,ss
30,,1 ψηφίσαισθε 12, 4401611 vel ψη-
ψευδόμενοι 1, 28 5, 4 194 φίσησθε vel ψηψίσεσθε) 12
ψευδομένους 16,11 25,2 14 ψηφίσασθε 15,11
¹ ἔψευσται 3, 21 ψηφίσασθαι10,21 13,9115,11
' ἐψευσμένος 2, 21 1010 1211,1019,1124,13
ἐψευσμένοι (ἐψηφισμένοι XC) ψηφισαμένων 16, 16 20,13
19, 49 ἐψηφίσθη 13, 23 29 -
ψεύσῃ 1,18 ψηφισθῆναι 11,6
ψεύσασθαι 3, 25 ψήφισμα 13, 22 23 28 29 35 55
ψευσάμενος 32, 21 56591112 “
ψευσαμένῳ 31,16 ψηφίσματος 13, 12
ἐψεύσθητε 19, 45 ψηφίσματα 13, 20 33 50
ψευσθῆναι 19, 51 ψηφισμάτων 13, 95
ψευσθέντες 2, 31 ψηφίσμασιψ) 30,534,1
ψευδομαρτυριῶν 10, 25 ψηφοπαικτούσι 111
ψεῦδος 3, 31 5, 5 ψῆφος 20, 32 “
ψηφίζεται 13, 22 1019111642 9,11 10, 31 11, 12
ψηφίζησθε 13, 91 12, 52 13, 93 15, 1025, 35
ψηφίζεσθε 3, 41 18, 16 21,1 16 30, 23
ψηφίζεσθαι 13, 59 96 18, 13 , ψῆφον 1, 36 6, 3 12, 33 91 92

 

