ε1-ε1δέναι 63
3131131331 1, 45 13, 26 85 10, 21 12, 15 50 13, 30 22,
31,20 62122 26,12 28,16 32,3·
c. 1111111111. 2, 22 32 32 45 45 34,6
3, 31 43 6,131,418,1 10, (e) εἰ μή γε 31, 29
22 22 12, 11 35 10 14 85 90 ((1)1311.12,5124,2014121
90 13, 15 15 93 14,-11 23 25 Ph 231(1
15,238 18, 15 20, 10 32 ὥσπερ εἰ24,15
34 21, 23 23 24 24 25 22, εἶδον 2,16 39 3,19 13, 18 21,18
111124,3132021,1113 εἶδεν 3,29 12,31 19,1
29,25 30, 16 31, 24 32, 25 εἴδομεν 1, 34
34, 2 6 11 Ρ11232θ εἴδετε 6, 56
c. 1311331. 1, 44 3, 24 29 40 ἴδωμεν 25, 35
, 42 4243 4, 13 6, 39 1, 11 1δωσι(ν) 6,526,12153,3
’131223 33 971117(lib1·i: 1331 1,11 3, 33 111133311-
0111831315.) 10, 2 12, 3436 1)11)12,8119,6Ρ112321
9813, 165 5351691514, ἰδών2,341 12 1023,9115,3
161118123 15,819,34 ἰδόντες6,54
’ 3131 211313 131033 13, 133333 3, 21
1530 20, 18 21, 530, 20 ἰδόντας 0, 3011 ,11 (ἰδιώτας
32 31,26282931 118,3 11111·1)115,6
33111. 1,12,1421213915 οἷδα(ἤδηΧ;οῐμ310)31,20
15 3,3148 62123 1,.34 οἶδε(ν) οἷδ’ 1,12,11 1,42 8,
8,99,2110,889101013 1810, 31 12,3161 13, 11
16 11,510 12,9141544 16,9 18, 13 21, 22 22, 22
83 83 13,81125465318 23, 13 16 24, 21 29,6 30,2
18 16,111 18,8 19, 33 38 31,2144118,4
’ 596162 20,132331 21,22 ἴσμεν 34,9 16,2
24 23, 11 2489923211 ἴστε 8,8 10, 22 11,1 12,80
25,1326,102421,8928, 13,20 4444 19,48 20, 34
314 29,6911 31,32828 3434 25,25 21,8 11
34,(1141551601312311 ἴσασ1(ν) 4,45,46,101,18
ε113131139.1,4243 6, 21 8, 14 12, 33 11,8 19,2 20, 29
12,8 13, 82 82 14,11 22,5 26,11 31,4 34,8
23,35132,26Ρ1123410 εἰδῆτε 1342038 44 64 11,8
εἰ...ἤ4,11011111 15119 19 51 31, 14
ε111213111113111()ε1μη3332 εἰδείην1, 116 23, 10
6013,18”121,130,18(μηδὲν) εἰδείη3,18, 121,21423,61

(11)εἰδὴμή1,2136486, 18 εἰδέναιῙ 1028 2,23 12 6,36

 

