ἐαυτοάςψ ἐγώ 61
Ι
ἑαυτούς 8, 5 9, 16 28,0 γὲγγύτατα, 21,4 141
ἑᾷ 26, 3 ¹ ἐγγυτάτω, 141 24, 20
ἐᾶτε 30, 29 εγ καθεοτ αοιν 2, 59
ἐᾷν 1,30 10,6 11,3 ἐγκαλεῖς 127
ἐώντων 2, 7 · ἐνεκάλει (ἐνεκαλεῖτο libri) 16, 2
εἴα 13, 82 ἐνεκάλεσεν 3,19 5,3 19, 55
ἐάσω 3, 45 19, 8 ἐγκαλέσας 3, 26
ἐάσειν 23,10 ἔγκλημα 3,] 16,10
εἴασα 32, 1 ἐγκλήματος 9, 3 8 11 13 10, 22
εἴασε 12, 71 23, 14 25, 30 11, 8 25, 23
εἴασαν 12, 18 53 96 15, 8 ἐγκλημάτων 2, 48 3, 25 32, 2
ἐάσαι 20, 35 ἐγχειριδίῳ 4, 0
ἑβδομευογνιέιου 8195 ¹ ἐγχωρεῖ 24,15118206 -
ἑβδομήκοντα2,48551 11,9 19 γὲγώ, 15091 110 1212141517
4600201011 ,5 181921212122222325
ἔγγειον 191 2026293537 37 404445
ἐγγείους (ἐγγύους libri) 32, 47 50 2, 81 3,34591213
15 14 151722 28 28 29 31 32
ἐγγίνεται 2, 60 33 35 36 37 37 38 38 47 4,4
ἐγγένηται 31,16 79101117207,4691214
ἐγγράφεις 30,5 Ι 192730 3137394040 8,3
ἐνέγραφε 30,2 Ι 11141819 9,69 10,27
ἐνεγέγραπτο νηοτ ου, ιο λ 1113151521223031 11,
ἐγγράψει 32, 25 36711 12,358 17 2237
ἐγγράψαι 30,5 51 61 13,2328 30 33 52 74
ιγρώμινος αλιι Ι ιῡυειιιοοο 11238546
ἐγγυωμένων 13, 24 15, 1 12 16, 2 10 13 1516
ἠγγυῶντο 13, 23 20 17,1347 182127 19,
ἐγγυησάμενοι 23, 9 1 1 59 14 19 45 46 55 62 62
ἕγγυηθήκης 134 20,5822 26 26 28 21,109
ἐγγυητής 13,58 1114212122 221235
ἐγγυηταί 13, 2452 ι 2331416 2499101213
ἐγγυητῶν 13, 20 30 152127 25,611141516
ἐγγυηταῖς 13, 24 25 26, 47 16 2023 27,13
ἐγγυητάς 13, 59 23, 12 28,12 1629,12811430,7
ἐγγάςῙ, 162,1331 50 63 891517313131231ἐγώτει
6,,237 61429 (lib1·i: om. ἔγωγε111ιι·1)3457811232,9

8331111155 34, 7 113 12113131528 33,334,36

 

