παρέχειν - πάντες 157

παρέχειν 16, 14 “

παρέχοντα 14,2

παρέχοντες 18, 19

παρέχοντας 12, 20

παρεῖχε(ν) 2, 57 12, 66 13,91
19, 59

παρέξειν 14, 37 23,9

παρέσχον 7, 40 25, 15

παρέσχε(ν) 14,] 7 19, 22 43

παράσχοιεν 26, 24

παράσχου 12, 14

παρασχεῖν 21, 19 31 , 9

παρασχών 7,41

παρασχόντα 19, 23

παρασχόντες 2, 44 55 18, 24

παρέχονται 2, 63

παρέχεσθαι 19, 53

παρεχομένων 22,18

παρείχοντο 30,3

παρέξομαι 3,14 20 7, 25 10,5
12, 42 46 74 13, 42 17,2 3
8 19, 27 58 20, 25 28 22, 9
12 (παρέχομαι libri) 23,4 8
11 14 15 30, 20

παρεξόμεθα 13, 68

παρασχήσομαι 9,8

παρεσχόμην 7, 42 9, 9

παρέσχετο 7, 23 14,3

παρεσχόμεθα 22,6

παρέσχοντο BOH, Ι. 150

παρασχέσθαι 7,19 12, 33 61

παρασχόμενος 7, 43

παρασχομένους 19, 45

παρήσω 12, 43 31 , 20

παρέντες 31,6

παραστήσω 12, 51

παρειστήκειν 7,19

παρειστήκει 2, 22

παρέστηκεν Ph 2321 Ph 233(Ξ

παρέστη 7, 17

παραστῇ 12, 62

παραστῆναι 21, 12

παραστησάμενος 18,10

παραστησαμένη 32,13

παραστησάμενοι 20, 35

παράθου 2, 32

πάροδον 2, 30

παροινήσαντες 3,19

παροινία 1, 45 '

πάροινος 4, 8

πανωξνμμθος 4, 8

παρορμίσαντες 13, 25

πᾶς 2, 1

πάσα 31, 6

πᾶν 12, 20 84 26, 22

παντός 7, 8 9, 1 19 13, 28 30
91 16,1917,319,1321,6
32, 20 Ρ11234·

πάσης 2, 61 14, 38 31, 34

παντί 13, 25 17 ,4

πόση 19, 11 25 53 25, 19

πάντα 1, 6 7 17 17 181819
20 21 2, 71 3, 13 26 6,35
30 52 8,4 5 15 16 9, 16 11,
24 12333341 5757 7784
16, 18 17,1 44 19, 2340
48 63 20,9 17 21, 192026,
728, 7 32, 11 f ’15,1 Ρ1ι232ιτ

πάσαν 1, 33 13, 2 15,1

πάντες 1,] 36 2,24 7,6 1333
34 39 8, 8 10,10 11 12, 30
14, 12 21 18, 14 17 19,2 35
37 4648 21,8 1022,13 13
23,6 24,14 19 22 27 25,11
15 19 33 27,5 7 28,15 29,
14 32,18 153,1 154 84157

 

