2 Ἀγοράτου - ἀδελφός

-.....-.,——

Ἀγοράτου 13, 4 4 16 384143
5562939596

Ἀγοράτῳ 13, 19 52 86

Ἀγόρατον 13, 1 18 18 23 23 24
414456 12 92 93

Ἀγόρατε 13, 26 32 48

ἀγορεύει 9,10 >

ἀγορεύοντος 9,9

ἀγορεύοντα 13, 50

ἀγράφοις 0,10

ἀγρίως 24,1

ἀγρόν 112

ἀγροῦ 1,11 1322 39 4,1 129

ἀγρῷ 1, 20 20‚11 31,ss

ἀγρῶν 31,8

ἀγρούς 31,18 119

ἄγουσιν 1318 ’

ἀγυι 23,11

ἄγειν 3, 38 13, 2323 19, 26
23, 10

ἄγοντι 1,1

ἀγόντων 22,3 23, 12

ἠγεήν) 2, 21 3, 26

’ ἦγον 3,15 30 32 31 31 12,15

20, 28 29, 6

ἄξειν 2, 49 19, 26

ἀγαγών 1 , 18

ἀγόμενος 6, 32

ἀγόμενον 23,9

ἠγαγόμην 1,6

ἀγών (ἀγών libri) 26,14

ἀγών 2, 2 4, 18 1, 2 10, 31
11, 12 12, 81 19,1 29,1

ἀγῶνος 6,4 19, 11

ἀγῶνι 10,1

ἀγῶνα 3, 2638 5,5 1, 39 42 9,
3 13, 12 15,2 18,13 19,6
21,1124,12421,633,12

ἀγῶνες 1,49 2, 80 22,19 31,32

ἀγώνων 2, 55

άγωσι 16,9

ἀγῶνας 3, 48 16,12

ἀγωνίζομαι 9, 21

ἀγωνίζεται 1, 39 13, 88

ἀγωνιζόμεθα 18,1 19,3

ἀγωνιζοίμην 25,13

ἀγωνίζεσθαι 29, 11

ἀγωνιζόμενος 30,8

ἀγωνιζόμενοι 21,20

ἠγωνιζόμην 1, 32

ἠγωνίζετο 3, 44 5,1 21,11

ἠγωνισμένοι 22, 20

ἀγωνιεῖται 30, 23

ἀγωνιεῖσθαι 13, 88 20, 22

ἀγωνίσασθαι 1,3 23, 12 18

ἀγωνισάμενον 3, 20 13, 60

ἠγωνίσθη 2, 34

ἀγώνισμα 13, 11

ἀδείας 6, 23

wmhffifflzffiaffiffl
12, 85 13, 55 16, 13 22, 19
25, 28 29, 13 30, 23 34

Ἀδειμάντου 14, 38

ἀδελφῆς 3, 6 29 13, 41 19, 31
32 32,10

ἀδελφῇ 32, 20

ἀδελφήν 13, 3940 19, 1233
34 3222028 18

ἀδελφαῖς 14, 41

ἀδελφάς 13,45 16,10 19,1559

ἀδελφιδῆν 32,5

ἀδελφιδῶν 3,6 29

ἀδελφιδοῦς 196

ἀδελφιδῷ 19, 1540

ἀδελφός 105 11,2 18,421
23,91032,12133

 

