ποιούμενος - πολεμίᾳ 161

2622 13,8 26, 818, 6 22, ποιήσασθε 666

1326,123618123Ρ1232ο ποιήσασθαι 2, 666, 2 42 4, 10
ποιούμενος 662 18,1818,11 ’ 222, 8 13, ι 22 18 22 24

18, 56 26, 6 81, 18 622 Ph (ποιησαι 666) 46 νο 24, 4ο

2330 21, 25 28, 11 116,2
ποιούμενον 14, 29 ποιησάμενος 3, 22 26 4, 2 14,
ποιούμενοι 2, 61 12, 30 14, 21 38

16, 11 , ποιησαμένη 4, 11
ποιουμένων 12, 16 ποιησάμενον 31,1
ποιουμένους 22, 1 30, 22 Ph ποιησάμενοι 9,192216,11

232θ ποιηθῆναι 13,16
ἐποιούμην 1, 42 22, 3 32,12 ποιητέον l, 35
ἐποιεῖτο 29,3 ποιητής 168
ἐποιούμεθα 34, 3 Ph 233(1 ποιηιόν 13, 91
ἐποιοῦντο 12,1 22,11 ἐποίμαινεν 20,11
πεποιῆσθαι 3, 42 ποία 81321
πεποιημένον 13, 12 ποῖον 6, 63 53 63
πεποιημένα 6,19 33 44 60 ποῖόν τινα 14, 26
πεποιημένους 12, 100 ποίας 6, 40
ποιήσομαι 16, 9 26,1 31,2 ποίαν 2, 36 6, 48
ποιήσεσθε 3, 43 30, 16 ποίαν τινα 13, 46 46
ποιήσονται Ph 2310 ποῖαι 2, 39
ποιήσεσθαι 14, 8 26,1 ποῖα 6, 49 49 31, 31
ποιήσοντα 31, 21 ποίοις 6, 33
ἐποιησάμην 11, 6 21, 6 30, 15 πολέμαρχος 16, 3
ἐποιήσω (ἐποίησας libri) 1, 26 πολεμάρχῳ 23,’3
ἐποιήσατο 2, 29 8, 4 13, 10 πολέμαρχον 23, 2 46 13

30,2 4 (ἐποιήσατε Xk: ἐποί- Πολεμάρχου 12, 19

ησεν 0) Πολεμάρχῳ 12, 11
ἐποιησάμεθα 14,4 Πολέμαρχον 12, 25 26 34
ἐποιήσασθε 16,13 πολεμοῦσι 34,5
ἐποιήσαντο 2, 26 66 9, 18 12, πολεμῶσι 32, 22

19 13, 43 19, 3 26, 20 πολεμεῖν 2, 66 12, 92 34,11
ποιήσωμαι 12,3 πολεμοῦντας 26, 22
ποιήσηται 1, 30 ἐπολέμουν 2, 41 12, 51
ποιησαίμην 1,1 πολεμήσουσι 2, 22
ποιήσαιτο 18,13 πολέμιον 19, 20
ποιήσαιντο 2, 21 21 πολεμίᾳ 12, 91

 

