ξένων - οἰκεῖα

ξένων 12, 35 115,6 ξυνειὸῶσιν 29, 10
ξένοις 6,11 19, 26 Ξυνειδὲναι 1, 36
ξένους 2, 66,12,8 14, 28 18,13 ξυνειδότα 13, 18
Ξενοφῶν 13, 54 54 61 ξύνεστε 8, 18
Ξενοφῶντος 19,14 ξυνῶ Ι8, 19
Ξέρξης 2, 21 Ξυνεῑναι 8,5 66
ξίφος 154 ξυνών 8,18 18
ξυγγένηται 6,6 Ξυνόντων 8,19
ξύλον 1, 21 ξυνεροιίντων 12, 86
ξύλῳ 10,16 16 13, 81 ξυνθεωρεῖν 8‚5
ξύλα 1,19 ξυνεκοιμῶντο 14
ξυλοφορίων 8 1325 ξυνῳκείτην 14
ξυμβαίνει 8, 9 12 ξύοτις 81204

0

τι 1, ,τε υτ αι ιο, 46 20, ιτ τιιε 1111114286

12 τῶνδε 1, 39 6, 43 9, 21 26, 19
τοῑν 32,9 τοῖσδε 9,1
ταῖν 19,11 τούσδε 12, 33
ὀβολόν 24,13 ὁδός 1, 28 146 sf 231
ὀβολοῦ 24, 26 , , δδοῦ,].,21 3,3141
ὀβολῷ 22,8 ὁδῷ 12, 16 36 13, 82
ὀβολούς 32, 2611,2 ὁδόν 2, 29 3, 13 36
ὀβολοστατοῦντες 160 ὁδοῖς 118
ὀγδοήκοντα 19, 42 ὁδούς 24, 10
ὀγδοηκοντατάλαντος 26, 22 ὀδόντας 1 1,5
ὀγδόῳ 32,9 ὄζειν 6,2
τόὸε’4,20 9,119,31 31, 26 ὅθεν 9, 21 12, 43 13,418,11
τοῦδε 2,63 6,4 19,6322,1116,1 ’
τῆσδε 2,1) 6 22,9 (δ’ ἐπὶ τῆσδεε οἴκαδε 1, 18 22 2,6 10, 25 13,
ἐπίτηδες X: ἐξεπίτηδες O) 18 14, 14 32, 26
24, 1 οίκάριον 181
τῷδε 2,160121 οἰκεῖος 133
τῇδε 2, 34 12, 38 οἰκεῖον 6,11
τόνδε 24,1 26, 15 15 33,1 οἰκείας 9,18 12,2
- τήνδε 2,1)11 16213231,6 οἰκεῖοι 11,631,20
οἵδε 9,1 11 1919 οἰκεῖα 13, 41 20, 21

 

