34 αὖτάς - 31111111
21, 24 22,12289101112 11 18,27 22, 18 2531 26,
12202121 25,2 11 19 30 1 27,4 31,111425 33,4
26,111320222427,89 αὐτοῖς 1,328,910,20 29,11
12 28,6929,10 30,13 31, 33,734,1
411 13 19 34 (3111011 libii) αὐταῖς 2, 80 178,3
32,2391033,7911,4 αὐτούς12,6113,2118,1327,
153, 3 1 78, 3 Ρ112321110 14 30, 29 34
Ph 23312 αὐτάς 2, 66 30, 18
αὐτάς 1, 48 2, 45 7, 25 81254 αὐτοῦ (adv.) 2,6 12, 75 30, 26
αὐτός (3. 311. idem) 134 32, 8
αὐτή 1,213,1 αὑτοῦ 3202729 4,15 6,11
αὐτό 10, 9 25, 33 30, 35 32, 2 13172329 (libri αὐτοῦ 131
134 ἑαυτοῦ) 3143 12, 34 52 66
ταύτό 10, 16 69 78 13, 30 41 41 414242
33133 3, 443, 13 13, 14 13, 33 433131 14,,33133331311)
21, 2 27, 44 ¹ 28 28 28 (αὐτοῦ X: ἑαυτοῦ Ο)
αὐτῆς 22, 1212 26,2 29, 11 38 15, 10 18, 3 (3613011611)
αὐτῷ 6, 30 20, 35 28,10 19, 29 42 60 204434 23,13
ταύτῷ 2, 38 2844 29, 3 4 8 11 (αὐτοῦ

αῡτῇ 3,13 3, 33 43 133111, 11311) 3111 33 33,3 3 3 33
13 13, 33 13, 34133313 3 34333111,3113,3

25, 3527, 7 30, 2329 33,6 αὑτῆς 23,10
30161231 1498 55 10,1 10 3111121628 1267687413
24,,133029 8515111,11,,8393720
αὐτή11,13313136472,13 22 2812 3221 (αυτων 11611)
17673,,102172336 17 178,4179

3011,14 15,42121, 1924, 301616,328,19 1991026,
12142126 25,3152021 11 302427 21, 33 11,1
2229 26,210161828,12 3616111611)581133
(τὴν αὐτή1; τοιαύτην libri) αὑτή113131301ἠ1) 122

34,7 175,1 187 αὐτῶν 2,2 7 9 10 15 20 23 25
αὐτοί 1, 26 26 35 36 40 41 43 50 53 56
3011161538 6062 62 63 64 65 65 67 68
1301118449 10, 20 19, 36 697071 7374 798 3,36
20,1025,3027,9134 7,,1235918 121119335876
αὐτῶν 1,22,6873 6,1377 8687969613,399414,18
9,18 10,7 11,3 12,4154 18, 171 9122 0,124 16,25
5862859014,223316,3 91326 20 276286916

 

