πόλεις - Πολυνείκους 169

530 36 21,8 11 2542632 πολῖται 12, 35 13, 80 14, 12
26,31314222327,3(πό- 18,126,2931,625
λει libri) 28, 14 30,1 2 18 πολιτῶν 3, 43 45 4, 19 6, 47
’ 212324253331,56714 7,319,5712,21363943
1724262829303434,4 444748527013,131327
148 30 [31] 4456[66] 80 80 81
πόλεις 1, 35 2, 59 6,612, 38 82 14,7929 303437 47
y 6097 18319, 52 28,111 16,818,1119,555920,35
32,13 21,1022,162123,724,25
πόλεων 2,57 12,35 95 28,5 25,71218242626,1228,
πόλεσι 14,14 , 2430,51214222531,8
’ πολιτεία 20,925,826,930, 91314 15 18 26 27 28
14 31, 32 πολίταις 3, 9 6, 44 10, 27 12,
πολιτείας 7,30 9,21 12,72 74 699221, 25 28,16 31,78
· 7713,6116,34518,15 32,19
6623 20,4425,31011 πολίτας1,492,6212,56313,
26,17 30, 15 31, 31 34,1 3 82 (ὁπλίτας libri) 14, 28 16,
πολιτείᾳ 12,6773 26,931,9 1418,1320,1321,1525,
πολιτείαν 12,65 70 20,625, 10 22 23 34 28,113 31,5
28 26, 23 30, 35 3134,3
πολιτειῶν 25,9 · πολιτικά 6, 33 ’
πολιτείαις 25, 25 πολλοῖς 1, 31 31 ’
πολιτεύεσθε 12, 94 πολλάκις 1,10 38 2, 37 3, 43
πολιτεύεσθαι ο, 34 24, 25 ιο, 3334350133 12:141*

19 13,ὀέ ’τετε 1392316 ⁴

πολιτευόμενον 12, 63 24, 1125, 27 28 27,”1 28,1
πολιτευόμενοι 14, 42 34, 8 8 1 86· ’
[πολιτευομένων] 2, 41 πολλαπλασίων 19, 44
πολιτευομένους 16, 18 18, 23 πολλαχῇ (erat Πολλαχοῦ) 197·
25, 27 πολλαχόθεν 6, 20
ἐπολιτεύοντο 2,18 12, 20 πολλαχοῦ 2, 51 12, 97 18, 7
πεπολιτεῦσθαι 21,18 πολλοοτόν 14, 29 46 19, 34 35
πεπολιτευμένοι 25, 10 39 42 25, 2
πολιτευθῆναι 26,5 Πολύαινος 9,5
πολίτης 14, 38 20, 12 24, 3 30, Πολυκλῆς 8,12 12
27 31, 9 Πολυκλέους 8,16
πολίτου 14, 4 23 33, 3 Πολυκλέα 8, 10
πολίτην 14, 1 23,7 30, 13 Πολυνείκους 2,7

 

