ἡμετέροις - Θάσιος

ἡμετέροις 2,11 21, 14 ἡττῆσθαι 2, 38

ἡμετέρας 2, 66 4, 15 12, 26 16, ἡττημένων 18,4
13131133 ἡττήσεσθε 333

ἥμισυς 6, 32 ἡττηθήσονται 20, 32

ἡμισυ 4,10 32, 21 24 24 ἡττήθη 11,5

ἡνίκα.8, 14 19, 4 20, 11 ἡττήθησαν 26, 19

ἠπείρῳ 19, 25 ἡττηθῶσι 348

Ἡρακλῆς 2, 11 ἡττηθῆναι 12, 36 21,19

Ἡρακλέους 2,12 15 33,1 ἡττηθέντες 2, 24 31 12, 92

ἥρωος sf 151 ἡττηθέντων 2, 1

Ἡσίοδον 161 ἥττων 2,18

ἡσυχίαν 3, 20 30 6, 34 1,1 9,4 ἡττον 1, 40 41 2, 62 3, 42 5,2
12, 15 13, 18 22, 3 28,1 [6, 11] 1, 24 31 12, 15 21
29,6 [πίστιν libri) 21 13, 84 14,1

ἡσυχιότητα 26,5 20,2121,1322,1221,232,

ἤτοι 81284 ἡ 1821 23 [34, 8]

ἡττᾶσθαι 28,11 ἡττον’ (ἦττον libri) 20, 29

ἡττώμενος Ph 233ο ἡττους 12, 19

0

θαλάσσης 2,29 45 33,5 ἡ 19 25, 26 29,232,1834,6
θαλάττης 2,2 38 55 12, 36 14, 1 10
34 ’ θάπτειν 2,1
θάλασσαν 2, 59 19, 20 ἔθαψε 2, 66
θάλατταν 2, 44 6,19 ἔθαψαν 2,10
Θάλλου 19,46 θάψαι [2, 13] 19,1
θάνατος 2, 69 11 13, 38 39 63 θάψαντος 31, 23
[66] 69 19, 39 22,513 θάπτονται 2, 80
θανάτου 2, 81 3, 44 12, 31 13, θαπτόμενοι 2, 61
4149 51 69 86 81 91 94 95 θαπτομένων 2,11
22,2 26, 23 21,1 θαπτομένους 2, 81
θανάτῳ 6,1 15 12, 36 13, 91 ταφήσεσθαι 13, 45
22,2 28,3 144 Θαργηλίοις 21 , 1

θάνατον 1333344333 3433 αιρριιιῳ 12, 94 31, νο
, ον 33 το 6, νο νο 8, ιο 12, ναρρευ 1213
5297 100 13,56 ω 69 93 95 33133313
96 ου 33 14, τινα 33 33, 18 οιιιος 1334151]

 

