δημεῦσαι - ού γὰρ δή που 49

δημεῦσαι 18, 14 25, 26 16, 20 18, 11 20, 17 21, 21
δημεύεται 17 ,4 29, 12 31, 29 34,5
δημεύεσθαι 18, 17 δῆμον 13, 17 3251555960
δημευόμενα νήια το τε) τε ἐι οι ιηο ιο, 13
δεδημευμένων 19, 31 25, 11 30, 9 12 141530
ἐδημεύθη 19, 34 δήμοις 31,18

δημευθῆναι 14, 9 δημόσιος 30,2 5

δημευθέν 7,6 ’ δημόσια 25, 19

δημευθέντων 7,4 δημόσιον 12,19 19,11
δημηγορεῖ 6, 33 δημοσίου 21, 16 ¹
δημηγοροῦσιν 14, 45 δημοσίῳ 5,4 17, 69 20, 12

, δημηγορεῖν 10,1 δημοσίᾳ 2,61 66 80 6, 47 13,

δημηγορῆσαι 16, 20 69 19,8 21,16 25, 12 (δη-
Δημήτριος 7, 10 μοσία libri) 25 175,ss 173,
δημίῳ (δήμῳ libri) 13, 56 2 Sf 157

δημιουργούς 24, 19 , δημοσίαν 18,14

· δημοκρατούμενοι 12,4 · δημοσίων 6,41 12,2 21,1819

δημοκρατουμένης 18, 1 28, 3
δημοκρατήσεσθε 34,4 δημοσίοις 27,12 Ι
δημοκρατία 13,4 25, 27 26,9 δημοτεύοιτο 23,2
δημοκρατίας 2,61 6, 29 (δημο- δημοτευόμενον 23,3

κρατίαν libri) 7, 27 12, 43 18, δημότης 13, 55 20, 12

12 24 25, 728 30 31 28,11 δημόται 20, 23 27, 12

31,34 . δημοτῶν 16,14 20,13 31,5 -
δημοκρατίᾳ 1,2 7, 41 12, 78 δημότας 20,2 31, 16

18,822 25 25,7101117 δημοτικός 20, 22 28, 12

17 19 27 27 29 26, 3 17 28, δημοτικόν 30, 15

13 δημοτικοί 30,9
δημοκρατίαν 2,18 12, 42 13, δημοτικῶν 26, 15

1215 25, 32 26,4 δημοτικωτάτους 25, 23
δημοκρατικός 25,8 δημοτικώτερος 20, 13
δῆμος 6,- 30 13, 35 5170 19, Δημοφόνην 25, 25

25 20, 17 26, 1620 30, 19 δήπου (libri ήιτου vel ἦπου)

34, 5 12, 88
δήμου 7,4 13, 20 33 50 51 91 ού γὰρ δήπου 7, 23 10,8 13, 18
14,31 15,6 18,5 19, 26 26, 5187 14, 36 24, 13
420 30, 30 ού γὰρ δήπου 4, 15 11,4 12,
δήμῳ 13, 16 32 33 51 [65] 86 27 31, 28

Index Lysiacus. Ηοίαιεε. 4

 

