96 ἤ-ἡγούμενος

Ι
ἤ..ἤ..ἤ1,452,543,43 ἀλλ’ἤ4,1819,28Ρ1]2311
[13,65]28,11 Α πρὶνῆ6,11
ἤ..ἤ..ἤ..ἤ13,8814,28ἢῶστε2,1212
22, 14 ἦ2,40 20, 19
ἤ..ἤ..ῆ..ἤ..ῆ14,39 γονον
πότερον..ἤ 1, 34 40 2, 33 4, ἡ που 2, 3139 6,12 1,8 8,11
151,21389,110,31312, 12,3513,516925,1121,
25358613,1420,322,5 15 30, 11
26,882128,10116,2 ἡβήσαντες 20, 24
πότερα . . ἤ 4,10 10 6, 25 20, 21 ἡγεμόνος 2, 58
ἥ(οοιοοο) 1, 26 32 33 414949 ἡγεμόνες 2, 41 33,1
2,4 45 12 12 25 33 41 62 02 ἡγεμόνων 2, 59 60
621316 3,92121444,613 ἡγεμόνας 2, 51
115,226,[11]16111832 ἡγοῦμαι 1,453,5 2836451,
45 46 1,6 21 33 35 31 38 40 526 39 10,15 12, 89 13,3
9,11410,2121252811,1 8914,11812163410,111
110(οηι.115ι·1)12,221 2132 20, 5 8 21, 16 18 22,4 10
3352 55 (libritom. Scheib.) 19 25,2561 11 11 18 29
64808913,1521285160 21,8929,2511ι30,3133,
9214,91521313815,4 334,31
16,111,611918,591518 ἡγῇ 30, 11
10 20 19,9915 18 22 2931 ἡγεῖται 1,3118,4
33 35 31 38 (abest in libris) ἡγούμεθα 25, 34
424446 46 41 41 50 5252 ἡγεῖσθε 8,6616,822,125,19
52 54 61 62 2013112432 30, 28
34 21,451315151622 22, ἡγοῦνται 1,212,8111,1 19,15
20 23,5 1215 24,1 91419 25, 24 26, 18 28,1 Ρ112311
19 25,11 1422 22232129 ἡγῆσθε 1,12
3226,44121921,11314 ἡγοῖσθε 1,1
28,13 1415 29,1 2 8 12 30, ἡγοῖντο (ἡγοῦντο libri) 14, 21
1313331,119918 2022 ἡγείσθω 26,15
30 32,2 19 20 22 28 34,6 ἡγεῖσθαι 219, 5,56,101,33
11,455112153,33160 14,13916,319,521,1325,·
Ph 231(1 Ph 23200 Ph 233³b 20 23 21, 14 29,8 31,56 11
ἄλλος..ἤ4,25,11,2113,1 2232,3116,1
85819416,824,126,19 ἡγούμενος 1,633 2,28 3,913
21,1416 29,1431,534 40 1,25 34 31 9,820 12, 25
ἄλλο τι ἤ 6,4 22,5 14,22516,1311 18,13 19,

 

