160 πείθω - Πείσανδρος

πείθω 34,7

πείθει 20, 20 32,4
πείθουσι 13, 18 30, 11
πείθῃ Ph 233¹>

πείθωσιν 20, 21

πείθειν 14, 20 24, 12 131426,
1 27 , 13 30, 21 [32]

πείθων 148

πείθοντα 2, 29

πείθοντας 1, 32

ἔπειθον 9,7 12,7

ἐπειθε 19, 22 23, 14

πέπεικεν 26,7

πείσει 24, 13

πείσεις 13, 76

πείσειν 12, 68

ἔπεισα 32,2
ἔπεισε 12, 70 14, 30 30, 10

ἔπεισαν 19, 20 26, 26 30, 34

πείσῃ 24, 22

πεῖσαι 2,197,182112,6019,
20 24, 18 31, 32

πείσας 12, 66 21, 10

πείσαντες 18, 2 20, 10 Ρί] 232(1

πείσαντας 1, 33

πείθησθε 18, 2034, 4 (πειθώ-
μεθα libri) 6

πείθεσθαι 1, 26 13, 26 14, 22
18,4 30, 5 17 22 32, 2

πειθόμενοι 6, 33 26, 14 21

πειθομένῳ Ρ112331

πειθομένοις 26, 27

πειθομένους 21, 20 22, 10

ἐπειθόμην 1, 60

ἐπίθου (ἐπείθου libri) 13, 63

ἐπείσθης 13, 63

ἐπείσθη 12,4 19, 13

ἐπείσθητε 20, 16

πεισθῆτε 21, 12 22, 7 28, 16

πεισθείη 1, 90 (προσθείη libri)

πεισθῆναι 19, 6320, 16 30, 36

πεισθείς 7, 39 13, 63 61“23, 6
6121741763

πεισθείσης 22,2

πεισθέντες 2, 61 13, 10 20, 16

πεισθέντας 9,2 18, 19

πεῖραν 26, 17

Πειραιῶς 3, 12 6, 38 39 12, 53
(Πειραιέως libri) 70 92 94 96
13, 80 26, 2 9 28 28 33 29,
12 34, 2

Παιραιεί 2, 66 12, 64 66 66 69
Qfflfflfflfflwwffl
(ἄστει libri) 19, 1926, 19 31,
14 32,811,4ί31

Πειραιᾶ 2, 61 3, 11 12, 40 63
97 13, 6 14 23 16, 4 26, 17
31, 8 8 9 13 16

πειρᾷς 1, 12

πειρᾶται 14, 29 24, 13 14

πειρᾶσθε 8,18

πειρῶνται 14, 20 21 28, 10 “

πειρᾶσθαι 12, 16 24, 12

πειρώμενος Ph 233ο

πειρωμένους 12, 64

ἐπειρᾶτο 8,10

πεπείρασθε 20, 31 34

πεπείρανται 27 ,2

πεπειραμένοι 6,3

πεπειραμένους 34,1

πειράσομαι 3, 21 7,3 12,3 6
14,2 19, 02 23, 1 24, l 26, 7
32,3ΒΟΗ, Ι. 160

πειράσεται 13, 70 30, 7

πειράσεσθαι 30, 16

Πείσανδρος 26,9

N

 

