⁴ βασανισθῆναι

βασανισθῆναι 4,14 13, 21 21 59
βασανισθείσης 4, 1011
βάσανον 4,12 12, 31 26,11
βασάνων 1, 31
βασιλεύς 2,21 21 56 60 6,433,5
βασιλέως 2, 45 19, 25
βασιλέα ατ ιι νυ ιι, τι να, 8
βασιλεῦσιν 6, 48
βασιλέας 6,6
βασιλεύοντα 6, 28
βασιλευομένων 2, 41
βασιλευομένους 2,19
Βάτραχος 6, 45 45 12, 48
Βατράχου 6, 45
βέβαιον 2, 41 68
βεβαιοτάτην 21,13
βεβαιοτέραν 12, 40 96
βεβαιοῦντες 6, 29
βεβαιώσετε 18,15
βεβαιώσητε 20, 32
βεβαίως 34, 4
βεβαιώσεως S 1 310
βέλτιστος 3,4 25,2
βελτίστη 1,1
βέλτιστον 18,16 Ph 23111 Ph
232³ Ph 2331Ι
βελτίστῳ 1, 2
βέλτιστε 10,18

έλτιστα 2, 46 8,19 12, 1949

13,231510 301031,1
334

βελτίστοις 2, 77

βελτίστους Ph 2331

βελτίων 10,2311 1,8 14, 21
16,11 21, 1424, 3 25, 1
31, 24 24 33,8 149

βέλτιον 3, 43 9,19 12, 14

βελτίονι Ρ1ι233ει

- βιῶναι

βελτίονα19,

βελτίω1 16,213,16

βελτίους 14,129125,16 28,
15 30, 2331 125
βελτιόνων 10, 23

βήματος 10, 15 20

Βησαιῆς 81241

βίᾳ1,132339652,1 3,1 15
2931313846464,58,5
13,29 23,m

βιαζόμενοι 9,162

’βιαζομένους 1, 32

ἐβιάζετο 162
βιασάμενος 6, 52
βιασθέντων 1,’33
βίαιος 24, 15 25
βιαίων S f 248

· βιαίοις 23,12

βιαιότητος 23, 11
βιαίως 3,11 9,18 12, 96
βιβλίῳ 32, 14
βίος 2, 69 6, 32 11,5
βίου 2,1166111113 4,18
16,9 19, 13 24,124 33,3
Ph 2341
βίῳ 5,3 6, 20 28 19,95461
βίον 2,16621019 5,2 6, 21
3131 1,1632 9,14 12, 43
88 13, 3945 14, 29 20, 10
21, 24 2435 26 24 288
31,120 32, 31534
ιοῦν (σω. libri) 631
βίωκα 16, 10
βιώκασιν 3,6 14, 41
βιωκάις 16,3
βιωκότα 24,1 ’
εβιωμένων 16,1
βιῶναι 6, 32

 

