⁴ ἀβακίου 150

ἀβίατον 6, 31

Ἄβυδηνήν 14

Ἀβάόῳ 14

ἀγαάός 6, 46 12, 48 20, 33

[ἀγαθή] l,7

ἀγαθόν 2,13 5,5 6, 15 40 46
49 12, 4452 13,91448 92
14, 36 43 18,17 19, 38 25,
33 28,8 30,1 31,624 Ρ5
232ο

ἀγαθοῦ 5,23 12, 48 19, 59
25, 13 30, 26 33,3 .

τάγαθοῦ 12, 22

ἀγαθῆς 2,14

ἀγαθοί 2, 25 51 12, 38 75 97

. Ν 134363 3334 3ι,3ο, ⁴

κάγαθοί 12, 86 30,14

ἀγαθά 5,3 6, 35 13, 91 19,19
20, 27 21, 11 25, 28 30, 24
33 s 78, 2 Ρ11233θ

κάγαθά -13, 95 16,19 25,4 11

τάγαθά 12, 33

ἀγαθῶν 2, 3 5 8 16 23 27 67
3, 47 6, 2 6 36 12, 64 93 14,
16 16,1 18,2 19, 25 20, 36
24, 22 25, 6 27 , 10 30, 27
31, 5 25 34, 89 Ph 2341

ἀγαθοῖς 2, 21 69 12, 47

ἀγαθούς 2, 19 24 70 77 6, 47
12, 60 13,2 13 27 28 61 16,
34 3313 31‚30 34, 10

ἀγάλματα 6,15

Index Lysiaeus. Holmes.

0

γήγάσάη 2, 40
ἀγανακτῶ 3,3 4,19 26,1
ἀγανακτεῖ 14, 39
ἀγανακτοῦσι 21, 20 ·
ἀγανακτοίη 1,1 31, 33
ἀγανακτούντων 3,16
ἠγανάκτουν 7,12 9, 4 20 13,
13 32,12

ἠγανακτεῖτε 15,2 25,19
ἀγαπᾷ 26,3

ἀγαπῶμεν 22,15

ἀγαπῶν 2, 21

ἀγαπώντων 2, 44 ’
ἀγαπήσουσι Ρ5223Θ
ἀγαπήσειν 12, 11

ἀγαπητῶς 6, 45 16,6

ἀγγεῖα 19, 31

ἀγενείοις 21,4

ἀγήρατοι 2, 79 ⁴
Ἁγησιλάου 16, 16

ἁγνεύοντες 6, 51

Ἁγνόδωρος 13, 55

ἀγνοεῖ 4,6

ἀγνοοῦντες 9,] 23,6

ἀγνώς 6,6 - ·
ἀγνῶσι 6, 30

ἀγνῶτας 14, 12 ’ ’
ἀγορᾶςῦ, 24 12, 96 19,55 24,20
ἀγορᾷ 13, 23

ἀγοράν 1, 8 16 13 6,9 23,9
ἀγορανόμους 22, 16
Ἀγόρατος 13, 24 26 29 30 33

42 50 54 57 64 71 95
l

 

