συμβολαίου- συμφοράς

συμβολαίου 3, 26 17, 3 f 16, 2
(συμβουλεύειν libri)
συμβολαίων 5,1 12, 98 30, 8
σύμβολον 19, 25 25 26
συμβουλεύω 12,91
τ συμβουλεύει 6, 33
συμβουλεύουσιν 25, 25
συμβουλεύειν 33,3
συμβουλουόντων f 75,6
συνεβούλευον 2, 45 16, 14
συνεβούλευείν) 22, 9 28, 5
συμβουλεύσειν 31,1
συνεβούλευσείν) 6, 54 19, 16
συμβουλεύσειεν 22, 8
συμβουλευόμενος 9,5
συμβούλοις 25, 27
συμμαχίας 26, 23
συμμαχίαν 16, 13
σύμμαχον 2, 10 19, 20 ’
σύμμαχοι 2, 49 67 14,13
συμμάχων 2, 21 24 30 34 42
46 12, 60 14, 35 34,5
συμμάχοις 2, 6834, 4
wmfflzffifflffiffiffl
25,3 19 24 34,3
συμμένειν Ph 232¹>
συμμεμιγμένον 2, 38
σύμμεικτα 19, 27
συμπάντων 19, 59
συμπέμπειν 13, 81
συνέπεμπε 13, 80
συμπιπτόντων 2, 38
συμπεσόντων 19, 24
συμπλεῖν 21,6
συμπλέοντος 21,9
συνέπλει 21,8
συμπολιτεύεσθαι 9, 21
συμποσίου S f 254

συμπράτας S f 329
συμπράττειν 13, 86
συμπραττόντων 12, 85
συμπράττοντας 12, 46
συνέπραττον 8,11
συμπρεσβευτῶν 27,1
συμπρίασθαι 22,5 7

συμπριαμένους 22,9
συνεπριάμην 22,5
συνεπρίαντο 22,10 .
συμφέρει 22, 13 25, 25 26, 15

27,9 30, 19

συμφέρῃ 25,8

συμφέρειν 22, 8 Ph 23οθ

συμφέροντα 12, 7 72 19, 64
31, 34

συμφερόντων 25, 10 31, 9

συνέφερε(ν) 13, 28 18,17 20,
27 22, 13

συνοίσειν 14,4

συμφορά 10, 26 12, 43 19, 7 24,
825,121331,8

συμφοράς 2, 58 6, 46 10, 22 22
16,4 18,2 24, 14 25,4

συμφορᾷ 2, 27 3, 9 4, 20 10, 24
13, 40 44 23, 3 3 1025,
11 15

συμφοράν 2, 6 32 36 59 3, 13
30 4, 19 6, 46 19, 55 21, 9
ωωωωωωωω’

συμφοραί 14, 16 18, 25

συμφορῶν 6, 41 7,6 14, 35 18,
18 25 27 25, 16 31, 17 32,
11 19

συμφοραῖς 2, 62 74 77 25, 15
27, 10

συμφοράς 3, 4 12, 2 92 13, 43
16, 10 18,1121, 1822, 14

 

