μεταπέμπονται- μή

, μεταπέμπονται 13, 39 μετῴκει 23,15
μετεπέμψατο 12, 11 μετοικῆσαι 23,15
‚ μεταπέμψασθαι 2, 50 μετοικίας 6, 49

μεταπεμψάμενος f 15, 5 μετοίκιον 31, 9

μετεπέμφθη 14, 26 μέτοικος 22,5

μετεπέμφθησαν 13, 54 μέτοικον 23,2

μεταπεμφθέντες 4,11 15 μέτοικοι 6, 49

μετεπεπτώκει 20,14 μετοίκων 12,6

μεταπεσόντων 25,10 μετοίκοις 12, 21

μεταπορευόμενος 31,2 ¹ μετοίκους 31, 29

μεταπύργιον S f 91 μετόχους 1, 11

μετάστασις 30,10 - μέτριον f 34

μέταυλος 1, 11 μετρίων 9,4 ·

μετεχειρίζετο 11,5 μετρίως 1,32 9, 20 16,3 .

μεταχειριοῦνται 24,10 μέτωπον 3,8

μετεῖναι 18,1 34,3 μέχρι 12, 31 24,1

μετόν 31,32 μή 1,91021 25 28 293034

μετῆν 12,22 364445 48 2,924 33 3,1

μετελθεῖν 1, 31 38 926 29 30 3233414241

μετέχουσιίν) 2,1612,1131,5 4,113481214151820

μετέχειν2,646,48 163518, 5,136,31012131818
426,3 31,5 21 22 (οιιι. 11511) 32 33 31

μετέχοντες 18, 19 424455 55 1, 1 5 11 11 19

μετέχοντας 25, 23 22 (libri: om. Scheib.) 28 30

μετεῖχε 12,58 62 32 3631 8,2366181920

μεθέξεις 13, 61 9, 10 13 22 10, 3 101516

μεθέξουσι 6, 13 (libri: οιιι. Seheib.) 20 2126

μετέσχον 16, 3 18, 25 25, 18 30 11,5 9 11 12,3 15 2525
26,2128,1331,1034,2 263148505050601012

μετέσχείν) 12, 48 66 18, 2 28, 1419858591 9813,1216
1231,14 192222262830515260

μετασχεῖν 18,631,934,5 1515 16 8282 85 85 8593

μετασχόντες 2, 44 14,1 4 5 615 22 23 25 15,1

μετασχοῦσι 18, 21 26 16,1 1 16 11,1 1 18, 23

μετασχόντας 30,15 21 19,1 1 10 20 23 29 32

μετοικεῖς 22,5 34 31 38 38 51 61 64 20,5 “

μετοικεῖν 5,231,9Ι 51110121318192020

μετοικοῦντας 12, 20 . 21 21 23 21 35 36 36 21,6

 

