ὁμολογοῦντας - ὁπλίτας

ὁμολογοῦντας 22, 17

ὡμολόγουν 7, 37 13, 23

ὡμολόγει 1, 22 25 29 19, 50

ὡμολόγηκεν 12, 34

ὁμολογήσουσι 15,8 -

ὁμολογήσειν 13, 30 68

ὡμολόγησα 12, 11

ὡμολόγησείν) 6, 52 12, 9 32, 28

ὡμολόγησαν 22, 21

ὁμολογήσαιτε 7, 33 18,17

ὁμολογήσειαν 19, 35

ὁμολογήσαι 28,4

ὁμολογήσας 32, 20

ὁμολογεῖται 30, 12

ὁμολογούμεθα 4,7

ὁμολογουμένων 19, 44·

ὡμολογημένων 1, 21

ὁμολογηθῆναι 23,15

ὁμολογουμένως 19, 48

ὁμομήτριοι 32,4

ὁμονοεῖν 25, 23

ὁμονοοῦσαν 2, 4363

ὁμονοοῦντες 2, 65

ὁμονοίας 25, 27

ὁμόνοιαν 2,18 18,17 18 25,

’ 2021

ὁμοπάτριον 32,5

ὁμοπατρίου 19, 22

ὁμοπάτριοι 32,4

ὁμόρους 34,7

ὁμοῦ 25,2 (ἐμοῦ libri) Sf256

ὁμόψηφοι 13, 94 97

ὅμως 1,142,263814, 176,
127,310,512,396169
739913,3314,153519,11
365821,322,724,525,31
(ὁμοίως libri) 35 30, 13 31,

σιτήσεται

ὀνειδίζων 12, 77 77
ὀνειδίζετε 27, 16 30, 30
ὠνειδικότος 16,15

ὀνειὸος 14, 33 Ph 231ί
ὀνείδους 2, 33 25,6 27,16
ὀνείδη 21, 24

· ὀνειδῶν 12, 93 14, 29 (εἰδῶν X)

ὄνομα 2367182

τοῦνομα 13, 76 153, 2

ὀνόματος 10,11 “

ὀνόματι 12, 78 13, 15 20, 1
17

ὀνόματα 10, 7 10 11, 4 12, 42
13,221 21 22 24 25 3030
3133385372

ὀνομάτων 10, 7 20 11,3 33, 3

ὀνόμασιν 10, 10

ὀνομάζων 4,9

ὀνομάζομεν 10, 17

ὠνόμαζεν 11,5

ὀνομάσαι 24,15

ὀνομάζεται 10, 10

ὠνομάσθη 81 157

ὀξύχειρ 4,8·

ὀπαῖς Sf 284

ὅπῃ 12,1214,4

ὀπισιλε 181

τοῦπισθεν 1,25

τούπίσω 14,56

ὁπλίσαι 31, 15 16

ὡπλισμέναι 2,4

ὁπλίτης 6, 46 14,7 (ὁ πατὴρ
Χ et·Vind0b.) 9

ὁπλίτων 14,715,5732,5

ὁπλίταις 14,1122 16, 13

ὁπλίτας 15, 7 11 34,4

 

