144 ὧνπερ - ὅτι

—— .
-Ψ

30,132, 15 34,5 11,2 αἵτινες 16,16
153, 4 οὕστινας 12, 44 18, 24 21, 22
ὧνπερ 1, 21 2, 10 6, 12 25, 31 ὁστισοῦνζζ19, 13 42 31,19
31 ὁτιοῦν 4,19
οἷσπερ 8,9 22, 15 34, 1 ᾡτινιοῦν 1, 31 38
αἷσπερ 1, 32 ὁντινοῦν 8,14
ὅστις 1,1 3213,441416,5 ἡντινοῦν 12,84
4510,1112,218413,11 ὀστᾶ 14,21 ,
91 91 14, 26 19, 11 20,4 13 ὄστρακον 3, 28 4,1
36 23,12 24,2 25, 11 28,11 ὀστράκῳ 4, 6
30,41931,1012192326 ὅταν 2,143,39 6,31 8,218
119185 10,11 13 13 12, 41 14, 21
ἥτις 1,12 13 12,2 2 19, 32 25, 18, 21 19, 1 6 20,31 (ὃς ἂν
8110 libri) 22,13 13 15 25, 20 35
ἥτις 13, 39 35 26, 12 13 21,528,215
ὅτι 1,6 15 19 35 49 2,11 3,5 30, 11 21 22 22 22 24 24
94,11135,556,13242 3451112321)
541,21240428,41810,3 ὅτε (ὅτ’ ὁθ) 8,16 10,1 4 11,2

31 11,2 12, 18 24 (εἴ τι libri)
314485 13, 4 (δὴ ὅ τι : διότι
libri) 49 16 14, 11 1615,3
8 16, 9 18, 16 19,11 22 35
20, 11 (ὅ τί πως; τις ὅπως
Xk: ὅπως τι O) 28 21,1 21
22, 4 5 19 22 23, 10 24, 21

25, 30 32 33 30, 34 31,3 14
20 30 Ph 231b S f 283

12, 19 25 26 36 96 13, 8 52
ffimmwffimmmm
11, 3 18,2619,513 (αλλο
τε Xk: ἄλλως τε cett.) 1416
21 43 414863 20, 12 22 21
21, 922, 3 2224, 8 25, 21
ωνωωιῃηοω,
255555505
34,13911123118,2 .

ωψωωᾼοῃμη,
255

ὅτι (orat. obliq.) ο. ind. 1’, 11 23
2628303132 36 36 39 40

ὅτῳ 1 , 11 20, 36 29, 432, 18

ᾧ τινι 2, 21

ὅντινα 1, 41 41 14,3015,1 1

ἥντινα 12, 11 8422, 19 21,1

ἥν τινα 12, 39 90

οἵτινες 1, 48 2,19 81 5,4 8,5
9, 16 12, 40 14,016,1 20,
29 25,923 30,6931,432,1

οἵτινες 25, 18 21,8 1111234141

οῦωοοιῃωοω
5555555012
MffiwfflwQMQw
waewzfflmwmw9
οοοηωοωώυι
mmwmffiffiffimw
wfflnstwwnnw,
9ffiwmmwwfflff

 

bri) 41 4550 505658 6061 ’

