164 πιστούς- πλήθους

πιστούς 5,3 4 12, 47 93 19,5 πλείονος 4, 17 8,4 12, 86 14,
190 Ph 233d 13 15, 8 17, 7 7 18, 15 19,

πιστοτάτην 178, 4 47 28, 11 29,3 31,7 18 152

πιστότερον 18, 15 (θεαί πλείονα) Ρ11231θ

’ πιστοτέραν 4,15 πλείονα 19, 35

πιστότερα 7, 33 13, 19 πλειόνων 3, 24 13, 31 17,9
πιστοτέρους 7, 30 22,18 34,5 20, 13
πλανηθέντες 12, 97 πλείω 2,9 7, 32 9,] 10, 31 12,
Πλαταιάς 2, 46 8016,919,39506122,5
Πλαταιεύς 23,213131315 022 24, 16 21 25, 13 28,8
Πλαταιεῖ 23,1 30, 19 20 21 24
Πλαταιέα 23,512 πλείους 2, 42 19, 62 20,13
Πλαταιεῖς 2, 46 (πλείστους libri) 21, 20 25,
Πλαταιέων 23, 5 8 32 34, 7
Πλαταιέας 23,6 6 πλείονας 9, 8
Πλαταιϊκοῦ 3,5 πλέον 2, 4, 64 3, 27 6, 46 14,
πλάσασθαι 8,1319,60 3716,31017,619,418 ,
’ πλασθέντα 12, 48 29 42 44 46 52 20, 14 24 21,
πλέθρα 19, 29 4529232, 22 34,4
πλειστηριάοαντες 17 S f 15 πλεονάκις 14, 30
’ πλείστου 0, 24 9, 22 18, 13 πλεονεκτεῖν 10, 14
f 7 Ρ11232ο ⁴ πλεῖν 19, 23 21, 8 1 1,4
πλεῖστον 2, 40 44 6, 7 7, 21 9, πλέουσαν 21, 7
19 24, 20 25, 28 έπλει 6,19 21,66
πλείστην 25, 20 28,2 Ph 233‘1 έπλευσε(ν) 6, 26 28 14, 30
πλείστοι 18, 5 22, 20 24, 20 ἔπλευσαν 2, 57 59
πλείστα 2,·42 3, 32 12, 89 16, πληγάς 1754193814
11 18,2 19, 19 22 48 22, 13 ἐπλήγην 4,15
25, 13 28 28,10 154 πληγῆναι 4, 6
πλείστων 1,42 2, 46 55 3, 34 12, πληγείς 1, 27 4, 6
Ι 61 (πλεῖστον libri)16‚15f53‚3 πλῆθος 2, 23 27 36 46 63 12,1
πλείστους 1, 24 3, 22 13, 55 26 66 87 (πλήθους libri) 13,
25,3824 211169214,3418,456
πλείων 8,1 18,19Ph231e1>h 19,195820,24101619
232Θ 26 25, 18 19 32 26,9 10 12
πλεῖον 3, 27 7,613, 15 19, 31 27, 2 28, 13 30, 15 16 31,
(πλείω libri) 46 29, 8 30, 7 15
32, 20 πλήθους 2, 28 31 9, 17 10, 27

 

