176 προσέτι - προστλθησι

προσέτι 19,9

προσευχόμεθα 6, 51

προσέχουσι 30, 23 .

προσέχητε 13, 20

προσέχετε 6, 50 10, 19

προσέχειν 32, 19

προσεῖχον 1,6

προσέξεις 10, 10

προσέξειν 28,7

πρόσσχητε (πρόσχητε 111111)6,11

προσήκει 2, 79 4, 12 14 6, 38 7,
59,112,3813,113344
69 89 92 96 96 14, 1 2124
3017, 121, 15 22, 13 24,4
15 28, 13 30, 27 29 33 1 53,
4189Ρ112311Ρ1123319Νἰθ

προσήκειν 2, 19 24 3, 5 42 45
9, 8 13, 89 16, 9 25, 7 1129,
51130,3131,132132,5

προσήκουσα 13, 39 31, 21

προσήκοντος 9,]

προσηκούσης 9,12

προσήκοντα 10, 2611, 9

προσήκουσαν 27, 8

προσήκοντες 18, 1 23 19, 48 51

προσηκόντων 13, 2 17, 1 18, 24
25 32, 1 3

προσήκοντας 2, 71 76 19, 34
Ph 231¹>

προσηκούσας 9,18

προσῆκον ’1,17 13,8418,1
25,2 7 31, 29 29

προσήκεζν) 7, 12 37 (προσήκει
libri) 10,5 13, 15 26, 12

προσηκόντως 9,11

πρόσθεν 13, 37 20, 4 44 21, 25
προσεκαλεσάμην 23,2
προσεκαλέσατο 6,11

..,

προσκαλέσασθαι 21, 19 23, 2
προσκαλεσάμενος 23,2
προσκεφάλαιον 12,18
προσεκτήσαντο 12, 39
προσληψόμενον 26, 16
προσλογιζόμεθα 19, 44
πρόσοδος 24,6
πρόσοδον 21, 13 32, 28
προσόδων 6, 33 28, 3
Προσπάλιοι S 1 164
προσποιεῖται 3, 26 13, 75
προσποιῇ 13, 28 .
προσποιεῖσθαι 12, 63
προσποιούμενος 4, 9 1 75, 34
προσποιουμένη 1,13
προσεποιοῦντο 29, 12
προσποιησάμενος 1 1,6
πρόσταξιν 2,]
προστάτου 31,9 14
προστάτας 2, 57
προστάττουσιν 34,6
προστάττοι 19, 35
προσταττόντων 12, 40 -
προσέταξεν 18,7
προσταττόμενον 12, 20
προσταττόμενα 14, 20 21 45
16, 17
προσταττομένων 25,13
προσετάττετο 12,, 29
προστέτακται 7, 29
προστεταγμένα 7 ,31
προσετάχθη (ἐτάχθη libri) 12,27
προσταχθῆναι 12, 27
προσταχθέν 30,2
προσταχθέντα 12, 25 29 7590
21, 23
προσταχθέντων 30, 19
προστίθησι 1,13 ¹

 

