μηνύων -· μνησθέντας 120 ’

μηνύων 6, 23

μηνύειν 6, 43 13, 19 29,6
ἐμήνυσε 6, 23 36 13, 19 51
ἐμήνυσαν 6, 44

μηνύσειε 14, 35 Ι
μηνῦσαι 2, 54 3, 33 6, 23 24

μηνύσας 6, 35 13, 48

μηνύσαντες 5,5

μηνύσασιν 1,16

ἐμηνύετο 13, 22

,μεμηνυμένα 6,14 ¹

μηνυθέντες 6,13

μήπω 19,5

μήτε..μήτε, 1 63, 251, l 29
91912114139839520,1
21,191931 ,1,33232 19151

μήτε. .μήτε. ,μήτε 3, 33 12,68
14,40193128,111,305

μήτε..τε 12,4412

μήτηρ, 11931 ,202232,11

μητρός 1, 201, 41 14, 39

μητέρα 2,11 13, 39 19, 14 24,6
32,8102518155

μητέρων 2, 39

μητέρας 2, 34 11 111233(1

μητραλοίαν 10, 8 11, 4

μητρυιᾶς 32,11

μηχανώμενοι 1, 28

μεμηχάνηται 3, 26

μηχανῇ 13, 95 19, 11 53

Μηχανίωνος 30, 28

ἐμίαινον 12, 99

μιαινομένων 2,1 .

μιαρώτερος 13, 11

μικρολογησόμενος 33,3

μικρός 192

μικρά 13,2 14,2 19, 10 31,18
22 (μηδ’ vulgo) 32, 21
Index Lysiacus. Holmes.

μικρόν 16,19 19, 28 62 26,9
1 92 1 92

μικροῦ 19, 43

μικρᾶς 1,3 2, 63

μικρῷ 32, 28

μικράν 12, 10 99 25, 32

μικρῶν 2, 48 12, 18 98 18, 21

μικροῖς 21, 2 4

μικρούς 13, 45

μικράς 1,1 (μακρὰς Xk) 1, 26
25, 21 ,

Μιλτιάδου 12, 12

μιμεῖσθαι 33,6

μιμούμενος 6, 51 14, 25

μιμούμενοι 2, 51

μιμησάμενοι 2, 61

μέμνημαι 31,8

μέμνησαι 32, 11

μέμνηται 30, 21

μέμνησθε 13, 44 52 (μεμνῆσθαι
libri) 16 30, 14

μέμνησο Ph 2349

μεμνῆσθαι 2, 3 61 14 14, 22 15,
9 20, 32 21, 19 33,1

μεμνημένοι 2, 61 3, 41 10, 32
14, 41 25, 35 34, 5

μεμνημένους 1, 42 14, 15 19, 64

ἐμέμνησθε 18, 18 20, 22

μεμνήσεται 6, 42

μνησθήσομαι 3, 45

ἐμνήσθην 1 , 19 21, 24

ἐμνήσθη 12, 10

μνησθῶ 21,9

μνήσθητε 6, 50

μνησθῆναι 10, 5 12, 14 21, 23
24, 10 25, 25 32, 21 ’

μνησθέντες 13, 48

μνησθέντας 18, 26

9

 

