88 ἐρῶσιν -

*—

ἐρήμου

ἒρῶοιίν) 3, 39 ΡΙ] 23111 ΡΙ] ἐργάσασθαι 1, 38 13,52 14,36
44

ι ἐργασάμενος 20,4
ἐργασαμένου 32,4

ἐργαστήριον 12,8

ἐργαστηρίου 12, 12

Ἐργοκλῆς 28,Ι510 29,312

2331 ΡΙ] 234bb

ἐρᾷν 3,44 182

ἐρᾶν 11,5

ἐρῶν ΡΙ] 2331

ἐρῶντα ΡΙ] 234b

ἐρῶντες ΡΙ] 2311 ΡΙ] 232(1

ἐρώντων ΡΙ] 231(1 ΡΙ] 2321

ἐρῶντας ΡΙ] 23111 ΡΙ] 2321111
ΡΙ] 234bb

ἐρᾶσθαι 4,8

ἐρωμένων ΡΙ] 2321

ἐρωμένοις ΡΙ] 23111 ΡΙ] 2321
ΡΙ] 2331

ἐρασθῶσιν ΡΙ] 2311

⁴ ἐργάζομαι 24,6

ἐργάζεται 134

ἐργάζεσθαι 12, 41 13, 25 31
169

ἐργαζόμενον 1,11 25

ἐργαζόμενοι 1 , 11

εἰργάζετο 23,2

εἰργάζοντο 20, 28

εἴργασται 12, 1 89 14, 32

εἰργάσθαι 12, 31 21,8

εἰργασμένος 4, 19 18, 2 21, 11
25,4

εἰργασμένῳ 6, 32

εἰργασμένοι 5,5 12, 22 16,19
22,2 25,61128

εἰργασμένοις 1, 11 12, 33 51

εἰργασμένους 25, 5 13

εἰργάσω 13, 15

εἰργάσατο 6, 25 1 , 16

εἰργάσαντο 2, 26 13, 51

ἐργάσηται 13, 52

ἐργάσησθε 13, 93

ἐργάσαιντο 2Ο,1

14

Ἐργοκλέους 29, 1 2 56 1

Ἐργοκλεῖ 29, 1 11

Ἐργοκλέα 28, 4 12

ἔργον 1,21 2,19 21 3,5 1,5
1638 10,1 11,499 13165]
93 14,4 18,3 24,14 25,3
262123 28,2 30,2 32,11
(0111. libri) 26 ΡΙ] 2321

ἐργου 1,38 2, 53 14, 42

ἐργῳ 2,519 6,11 9,1421 2,
61113,131519,6220,18
22,3 31, 31 34,5

ἐργα 2,2 6, 2532 12, 32 86

Α ἰαισηυιιι -

ἐργων 1,3 2, 22 26 6,6 1, 30
34 11,3 12, 33 51 58 62 66
188296 14, 22 3445 16,19
Ι9,13 25,13 31,24 33,1
Ἇ5ΜἨΡ

ἔργοις 2,13116465 ’1,1214
43 16,11) 19,61 2Ο,1 28,8
32, 11

Ἐρέτριαν 20,14

“ ἐρημίας 18, 25

ἐρημίᾳ 12, 98 ’

ἐρημίαν ΡΙ] 232(ἰ

ἕρημος 1, 40

ἔρημον ηις] 8,] ια] (ερηί
fflffimwma

ἐρήμου 1, 41

 

