κωλύοαιτε - λάβῃς

κωλύσαιτε (κωλύσετε libri) 8, ἐκώμαζε 14, 25
1 12 κῶμον f 75, 3
ἐκωλύετο 26,11 κωμῳδεῖν 24, 18

κώνειον 12, 17 18, 24 κωμῳδοδιδασκάλων f 53,2 ⁸
κωμάζων 3, 23 κωμῳδοῖς 21,4

λ

Λαγίσκα f 79 λαμβάνειν 1, 34 35 7, 8 16 10,
εἰληχώς 2, 78 ¹ 13 12,7 82 84 14, 10 20 15,
ἐλαχον 23,135 6 21, 11 22, [18] 18 24, 4 27,
ἐλαχε1ν) 6, 11 23, 13 116 1014 30, 30 32 ’
λάχῃ 6,4 λαμβάνων 1,3724,830,211,3
λαχών 17,3 λαμβάνοντι Ρ1ι234ο
λαχόντος (λαχόντες libri) 17,5 λαμβάνοντες 20, 7 22, 21 25, 26
λαχόντων 23,4 31,2 27, 16 30, 25
ἐλήχθησαν 17,8 λαμβάνοντας 12, 33 ·
λάθρα 8,5 ἐλάμβανον 1, 38 2, 48 12, 27
Λακεδαιμόνιοι 2, 30 31 46 6, 46 εἴληφα 24,1
13,84618,1034,6 εἴληφε193814
λῳωῳωηωηωααῳωωμ
4063 70 77 1358914, 33 εἰλήφασι(ν) 12, 83 26, 17
19, 16 22, 14 26, 2 εἰληφέναι 8, 1 13, 6 30, 3
Λακεδαιμονίοις 2, 32 67 12, 74 εἰληφώς 12, 77 32, 29
13, 14 15 34 14, 34 37 16,17 εἰληφότες 25, 13 27, 7 30, 23
18, 15 19, 20 20 26,19 34, λήψομαι 10, 22
711 λήψεται 3,4117,7175,2 .
Λακεδαιμονίους 6, 38 12,6013, λήψεσθε 12, 29
514,303918,111519,52 λήψονται 2,32

ιῳωῳ ιῳῳααῳωῳωη,

Λακεδαίμων f 13 22 30, 34

Λακεδαίμονος 13, 13 ἔλαβον 1, 29 2, 43 3, 43 12,·19
Λακεδαίμονα 12, 58 13,1 38 39

Λαμάχου 13, 67 ἔλαβες 7, 21 32,13

λαμβάνει 32, 7 ,ἐλαβε(ν) 3, 14 4, 1 2 17, 2 19,
λαμβάνετε 14, 30 27, 11 14 17 25

λαμβάνουσην) 27,2 29,5 ἐλάβετε 14, 16 19, 32 22, 16
λαμβάνητε 27,529, 133024 33 λάβῃς 1,16

 

