50 ⁴ οὐ δῆιιου - διαγράψαντο

--—-—--——-———-—

03 δήπου 7, 26 διαβάλλειν 8,313 9,1 22,3
δήπουθεν 6, 36 25,5 30, 7 7
δῆτα 8,3 διαβάλλων 12, 58
ὅιά (δι’) ο. 9344. 1,112 2, 26 διαβαλλόντων 9,3

2929630 7,881091 διεβάλλετε8,3

1112362 92 169 διεβάλλετοῙ 19,50

19, 11 201 1430 24, 4525, διαβέβληται 20, 30
1133 333 33, 3 33, 31 113 οιαε ειησοαι 11,3 33, 31 ’
f 69 Ph 234 διαβεβλημένος 7, 33
σμασι 123 35 2,144466 διαβε εβλημένον 8 7

516 20 24 30 37 394648 διαβεβλημένοις 16,1
6680808113,31 4,[2]25 διεβέ β1λητο 1426

14116 1191,964 (om. libri) διαβληθήσεσθε 26,15

6 16 20 22 30 34 40 42 43 47 διαβληθῆναι 261

50507, 15821 8121414 διαβληθείς 18,9
141417 9, 27 87714 14 15 διαβληθέντες 27,8
20 20 22 1,10 17211,7 2,ιλιαβιβάοαι, 2 28
317 203136 58 60 66 67 167 διαβολή 19, 5
77 87 87 89 93 98 1,113 111 διαβολῆς 19, 353 256
444669737691939514, διαβολῇ1,934
87171718 18232331 36 διαβολήνῙ9, 1351 20, 20
37 4116, 8 (δι’ αλλο με δια· διαβολῶν 9,2 ,
βάλλομαιΧ3)1017 118201 1,7 διαβολαῖς 9,19 25,6
11,1118601011111,915 διαβολάς9,18 317 2511
2534 20, 4412183030 34 διεγένετο 3, 30
(και libri) 341 1,91 17 172 διεγένοντο 1, 22
(om libri) 22,21 12,141 12 διαγενομένου 1,15
7911 11 12 22 2323 23 24, διαγιγνώσκειν 7, 22 42
24 25, 6 13 22 22 27 27 29 διαγινώσκειν 24, 15
30323333 26,1491818 διέγνωτε 3, 43
2020 27, 9 28, 249 29,2 διαγνῶτε 6, 35
303 826 27 27 27 27 διαγνοῖεν 20,2
3134456101111 115 διαγνώσεσθ16,50

818 191920 21 22 25 27 διαγνώσεσθαι 3,2
30 32, 5 19 22 33, 1447 7 διαγνωσομένοις 7, 3
fl,1 133 343 1313301 Ph Διαγόρου 6,17
331111313331111111333 θιιιγρά-ψαιαο (διέγραψαν libri)
'³⁰01’13341 13,3

 

