168 πολεμίας - πόλιν

πολεμίας 12, 38 - 29 40 46 48 7, 20 29 31 38
πολέμιοι 14, 13 20, 33 22, 16 9,17 20 12, 21 35 47 51 57
πολεμίων 2, 36 37 38 46 63 66 60 62 94 95 99 13, 46 46 48
68 4, 13 13 10, 28 11,1012, 14, 10 16 20 30 37 38 44 15,
203839404469707179 61010 16, 1017 18 2021
95 14, 11 17 18 33 18, 3 12 18, 1 7 (πολιτείας libri) 16
19, 69 20, 36 28, 16 34, 10 19 25 19, 48 60 20, 3621,
136 141820 22 22, 611 24, 4
πολεμίοις 2, 63 10, 27 11,912, 26 26, 11 13 1519232626,
94 13, 46 67 14, 16 36 39 291522 27,7 2867829,
16, 16 18,5 20, 24 28, 11 281011 30,6 817 29 31
πολεμίους 2,10 26 61 62 3, 46 32 31, 6 7 28 28 29 34, 4
12,21 69 14, 9 10 16 34 36 176,6 81296 81315
16, 12 16, 12 16 18 18, 2 πόλει 1, 10 36 2, 34 3, 9 5, 2

16, 6ο 6ο, 64 616 3ο, 66 35 611 1ι 45 ι, 6 6, 61
πόιεμος 666116 16366 16, 6ο 66 36 46 46
ποιέμου 2, 46 46 6, 46 f48 59 64 66 (6616 6666166.)
ποιέμῳ 6, 6 1ο 6316 66 ι, 6 66 1666 61 66 61 16666 ·

7 14, 13 17, 3 18, 24 25, 12 14 23 26 33 34 43 43 48 48
26, 22 22 27, 9 33, 9 48 96 14, 4 10 13 16 36 40
πόλεμον 2, 70 6, 47 12, 55 92 47 15,1 39 10 16, 12 17, 6
9313,1126,3033,67 1018,216172019,1113
πολοῦνται 10, 19 20 34 38 58 63 20, 5 23 27
πολεῖσθαι 10, 19 21,13 13 16 21 22, 6 1319
πολιορκούντων 2, 49 25,2 6 6 19 24 26, 18 29, 2

ἐπολιόρκουν (ἐπολιορκοῦντο li· 6 30, 1019 20 20 24 31, 1

1611)26,9 81018 3234 32328 34,
πολιορκούμεθα 22, 15 1 3 6 176, 4 1 99
πολιορκουμένους 13, 11 πόλιν 2, 6 11 16 21 22 32 32
Πολίοχος (πολίχο Xk: πολλαχος 33 37 40 62 63 4, 19 6, 16

011813 272829303435364749
πόλις 2,167 66 66 6,30 7,33 49 5263 9,413 10, 1411,

12,6813,3614,417,718, 812,2662323333961 Ι

72121,2022,1624,2223 67 68 606870 73828286

26, 20 26,217 27, 11 28, 10 88 88 13, 2 9 45 46 62 69

3033224136 ¹ 809214,81319313336
πόλεως 1,26294447 602,6 4142 43 16,618,91818

22686474 3, 1010 32 6, 2324 19,966 62 63 20,1

 

