ἁλῷ ·- ἀλλήλους 9

ἁλῷ 110

ἁλοίην 9, 21

ἁλῶναι 9,19 14,7

ἀλιτηρίου 6, 53

ἀλιτήριον 6, 52

Ἀλκίᾳ 7,10

Ἁλκιβιάδης 14,1032 37 19, 52
21,6 14 14

Ἀλκιβιάδου 14, l 16 22 26 30
15,10 14

Ἀλκιβιάδῃ 14, 21 15,5

Ἀλκιβιάδην 14,23 39 15,5612

ἀλλά(ἀλλ’) 1,1 251016 1818
21 25 26 28 28 29 34 47 2,2

· 910 12 13 17 2123232326
29 29 31 31 33 56 56 56 61
61 63 63 64 67 68 74 74 74
74 77 77 79 3, 19 25 26 28
31 34 3437 4242444648
4,4556781313141717
181819 5,4555 6,3810
10131313 19202627 3031
32343436 39 39 40404142
42 43 44 46 48 49 50 5055
7,9 13 151516 1827 3239
4042 8,1011151919 9,2
13171710,6789101010
11 14 15 1618 2022 23 23
2323233011,233456
888881112,112471118

4fflwwffifflfflaefflw
40 40 42 44 46 48 50 51 51
5657 58 60 64 70 72 74 77

..ι-ι’..

1065555350
υκωωυλωκκ
mfflmfflwnwmm
1½fflfflnfflfflww7
wwstwsswmmm
Χκωάωυκυκ
υῇκκκκκκκ
553555500
5553555531
υῶυυυυκυυκ
υυκκκπκκκ
κυκάυκυυκ
υυυυκκβκκυ
κυκυκάκηυ
κυυκκκκκκ
υκκκκπκῶκ
κκκκλωυκω
υκυυκκῃκκ,
mmmmwwffiffiffi
mwmssffiwwmn
υυυκκυυωωι

,κωῃοκκωυυκ

Qffiffiwwfflwmffl
242626262627272731,1
236811131317192424
252526 283233 34 32, 12
10 17 1823 2427 33889
άυΜυῃκΜυκ
κδΜυυηηΜκ
147153,23169175,46
178,4181184188189189
Ph23121³1¹1>h23221(l Ph233
abccddeeee Ph 234aaaa

78 79 83 84 85 86 86 87 93 ἀλλήλων 2,19 3, 42 7, 18 8,

95 99 99 13, 16 16 18 20 27

mmm

32 37 51 52 78 79 79 83 87 ἀλλήλοις 1, 44 2,18 20, 35 22,

899314,245910121315

wmffifflwma

15 1628 29 (ἀλλ’ δν; ὃν μάλ· ¹ ἀλλήλους 2, 37 65 3, 40 5, 1

 

