14 ἀν αβήναι-

ἀνελέσθαι

-..-.. -—-—-.-..- .-...-. .- .- -..U-..—

ἀναβῆναι 14 100

ss} ἀναβάντες 1, 22 15, 2
ἀναβᾶσαι 2, 4

ἀναβάντων 16, 13

ἀναβιβάσομαι 18, 24

ἀναβιβασάμενος 12, 24 20, 34

ἀναγνώσεται 13, 33 19, 21 51

ἀνάγνωθι 1, 28 30 31 10,14 15

13, 35 50 14, [3] 5 8 41
ἀναγνῶναι 13, 38 .

’ ἀναγνωσθήσονται 11,8

ἀναγκάζει 12, 91 Ph 233b
ἀναγκάζωσιν 16,1
ἀναγκάζοντες 13, 86
ἠνάγκαζον 12, 93 20, 14 25
ἀναγκάσει 32,11

ἀναγκάσειν 3,5

. ἠνάγκασε(ν) 2, 29 13, 22
ἠνάγκασαν 12, 96
ἀναγκάσαντες 2, 56
ἀναγκάζομαι 24,11 31,8
ἀναγκάζεται 30, 22
ἀναγκάζονται 24, 11
ἀναγκάζεσθαι 8,2
ἀναγκαζόμενος 12, 10
ἠναγκαζόμην 3,31 1, 31
ἠναγκάζετο 135

ἠναγκάζεσθε 12, 92
ἠναγκάζοντο 13, 45 2613
ἠνάγκασμαι 12,3 16,3 22,1
ἠναγκασμένοι 19,9
ἀναγκασθήσομαι 3,3
ἀναγκασθήσεται 13, 25
ἀναγκασθησόμεθα 21, 25
ἠναγκάσθην 3, 48 1,14 16, 20
ἠναγκάσθη 18,2 20, 14 32, 12
ἀναγκασθέντες 2, 61 13, 81
ἀναγκαῖον 9,3 16,11 11,1

20,1131,5118,1 Ph
2321>

ἀναγκαῖα 31 , 18

ἀναγκαίων 19, 63 24, 1016

ἀναγκαίοις 8,9

ἀναγκαίους 8,13 19, 34 (libri‘?)
38 31,23

ἀναγκαιότατον 12,9

ἀναγκαίως 6, 6 35

ἀνάγκη 2, 81 4,8 10,5 12,]
13,4419 92 19,13 22,1
26,6 32,1 33,4 Ρ11232θ

ἀνάγκης 3, 25 6, 32 13, 31 19,
56 Ph 2311

ἀνάγκῃ 6,8

ἀνάγκην 3,3 9,14 12,15 13,51

ἀνάγκας 32,5

ἀναγραφεύς 30,225 ’

ἀναγραφῆς 30, 11

ἀναγραφῇ 30, 25

ἀναγράφειν 30, 4 29 ·

ἀνέγραψεήν) 30, 4 20 21 21

ἀναγράψαι 30,2

ἀναγράψας 30, 19

ἀναγράφεσθαι 9,1

ἀναγραῴῆναι 20, 19

Ἀναγυράσιος 13, 13

ἀνάγειν 8,10 8162
ἀνήγετο 19, 22

ἀναάικία 81298 Α
ἀναδυομένων 16, 15
ἀναθέσει 21, 24
ἀναθήματα 19, 39 26,4
ἀναίρεσιν 2,1
ἀναιρούμενος Ph 233⁰
ἀνῃρῆσθαι [10, 28] 11, 10
ἀναιρεθέντας 19, 64
ἀνελέσθαι 12, 36

 

