12 ἀμοο - ἄν

ἁμοά (ἄλλου libri) 24, 20 ἀμφοτέρωθεν 7, 28
ἀμπέλοις 7,14 ἄμφω Sf 284
ἀμυήτους 6, 51 ἀμφοῖν Ρ11234ο
ἀμύνεσθαι 13, 52 24, 18 ἀμωσγέπως 13,7 8129
ἠμυνάμην 3,8 ἀν c. ι’νιά. imperf. 1,37 38 45
ἠμύνατο 1, 27 3221314444 4,37713
ἀμύνασθαι 2, 21 2932 4,8 131517 5,1 7,12121616
ἀμυνομένου 3, 1818 18 20 20 21 22 22 23 32 32
ἀμφιγνοεῖν 8147 32 3637 8,]79 9, 12 20
ἀμφιδέαις 137 10, 2 4 (0111111111) 7 (0111111111)
ἀμφιάρόμιο 8122 889 11,55 12,22 22 29 47
ἠμφιεσμένη 13, 40 47 47 48 52 85 86 92 98 98
ἀμφισβητῶ 1’7,7 98 132636629010111111111) ’
ἀμφισβητεῖς 13, 75 127 14,14 21 (om. 1151521 27
ἀμφισβητεῖ 4,10 132 (om. libri) 15,2 16, 1 8 11
, ἀμφισβητοῦμεν 17,9 17,4 18, 17 20 19, 34 51
ἀμφισβητῇ 6,14 20, 4 16 27 31 (οὐγὰρ ἂν 11-
, ἀμφισβητῶν 23,13 bri: 0111861155.) 21, 17 22,
ἀμφισβητοῦσα 2310 17 23,6 24,1112 25,55
ἀμφισβητοῦντας 17, 8 19 26,1011 27 , 15 29,17
ἠμφισβήτουνΙ 1·7,5 30,17 31,26 32, 23 33,4
ἠμφισβήτειῙ, 29 15 ’ 11,1113134179188 Ph
ἀμφισβητήσων 24, 233(144 81283
ἀμφισβητῆσαι 21, 15 c. ιἰιά. ιιον. 1, 27273140 2, 1
’ ομφιιμηιηιιι 15 34 ιο 4ο ιο ιν σο οι (om. ιι-
Ἀμφιτροτιυιεύς 13, 55 bri) 3,] 29 33 38 42 4,46
ἀμφότεροι 2, 15 53 12, 53 24, 101216 7, 12 15 17 20 21
17 30,3 282835 8,7 9,16 10,25
ἀμφότερα 2, 29 32 4,8 12, 51 12, 34 85 [93] 98 13, 1618
19,4226,130,2531,3034,3 22 27 51 53 58 58 73 (ἂν ἀπ-
ἀμφοτέρων 2,9 14 38 3, 21 4, έκτεινε libri) 75 1416 15, 6
816 6, 35 7, 25 12, 85 14, (ἕως ἀν libri) 18, 22 19, 24
618,14 19,43 25,9 32,2 37 425161 20399919
33,834,1188 21,567 25,227 30 26,11
ἀμφοτέροις 7, 36 12,57 14,34 181818 29,7 3081520
24, 12 34,7 1112321 20 31, 10 27 27 28 (οὐ γὰρ
ἀμφοτέραις 25, 25 ἂν libri: οιιι.8ο1ιο11ι.) 32,1 1
ἀμφοτέρους 3, 23 14, 39 31, 13 1 11

 

