ζηλωταί 2, 79 ἐζημιοῦτο 31, 26
ζηλωταί 2, 69 ζημιωθήσομαι 8,18
ζημία 7,12 13, [66] 69 15,9 ζημιωθήσεται 6,15

- 22, 5 13 ζημιωθησόμενον 29,4

ζημίας 1,13332 7,141526 ἐζημιώθην 9,13

27, 16 32, 25 ζημιωθῆναι 13, 91
ζημίᾳ 7, 37 ζημιωθείς 9, 9 1012
ζημίαν 1,33 7, 23 9,7 10 11, ζητεῖς 116,2

5 32, 29 ζητεῖ 7, 43
ζημίαις 1,48 12, 36 14,9 31, ζητεῖτε 4,18 6,18

26 32, 21 ζητοῦσι(ν) 3, 39 25, 1 34, 1
ζημιοῦσι 30, 25 ζητεῖν 3, 29 24, 10
ζημιοῖ 10, 30 11, 11 ζητοῦντες 1, 43
ζημιοῦν 9,9 144 ζητοῦντας 3, 36 8, 14 25, 10
ζημιοῦντες 20,14 ἐζήτουν 2,15 3, 38 8, 9 13, 23
ζημιώσουσι 1, 48 14, 34
ἐζημίωσείν) 7,25, 13,2 ἐζήτει 15
ἐζημιώσατε 12, 36 18,14 (ἐζη- ἐζητεῖτε 6, 36

μίωσε libri) ζητήσουσιν 30, 32 Ph 234ει
ἐζημίωσαν 9, 11 ζητήσαι 3, 40 20, 2
ζημιώσαι 7, 29 9,6 22,2 30, ζήτησιν 12, 30

21 32, 27 ζητητής 81282
ζημιώσαντες 9,16 ζητητῶν 21 , 10
ζημιοῦσθαι 7,5 16,7 119· ξ ζυγῷ 10, 18

n

ἥ (aut) 1,3 22 32 33 40 2, 39 829237 30, 24 31, 11 26
40 40 77 3, 3642 4,71011 i 2627313132,2334,2123
1113156515151515181 134153,4156179
22 7, [18] 2227 38 8,33 9, ἤ ..ἤίαιιί..αα1) 1, 18 2, 21
122110,881011,44512, 35 49 3, 34 4, 19 6, 3 50
2252534393952 13,46 78 78 8,6 12, 1 30 34 35 38
86 87 92 14,11 11 20 22 30 (alterum 0111.lib1i) 83 84 (pri-
15‚3 16,21111 19, 29 3441 mum 0111. libri) 13, 84 20,4
47 52 20, 20 36 21,8818 18 (primum om. libri) 19 21 35
1825 (libriz οιιι. 8οίιο15.)25, 23, 11 27,6 15 29,5 31, 15
1611111426,14212127, 1 23 Ph 232¹'¹' sf 259

 

