ἕτοιμος - εὐνοοῦντες

ἕτοιμος 1, 29 7, 34 12, 9 58
13, 58

ἑτοίμου 2026

ἕτοιμοι 13, 8 27 52 28,7 Ph
231ὓ

ἑτοίμων 13, 26 26 82

ἑτοιμότατοι 34,2

ἔτος 24,6

ἔτει 2, 27 7,10 13, 10 32,9

ἔτοῑν 3021

ἔτη 2,55 046 06111010
1042711,112,417,58
mfflfflwffifflfflssffl
24 f1‚5

ἐτῶν 3,1939 11,9 305 f30

ἔτεσιίν) 19, 29 60 2010 32,
2029

εὐ1,1363,56,81522 7,16
35 9, 20 1014 12, 70 14,4
15,91010 18, 13 23 25 19,
11641 2022 31 31 32 32
36 21,8 1320 22 22 23,12
201414 25,415161725
26, 14 27, 16 201016 29,
13 3033 34 31,52124 33,
4 ί75,2 Ρ11231Μιύᾱ Ph
2332‘1

Εὐαγόρου 19, 27

Εὐαγόρᾳ 19, 20

Εὐαγόραν 6, 28 19, 23

Εὐάνδρου 26, 15 24

Εὐβοεῦσιν 34,3

Εὐβούλου 19, 28

εὔγνωστον 17, 4 4

εὐδαιμονίαν 18, 23

εὐδαίμων 21, 20

εὐδαίμονας 32,17 ·

εὐδαιμονεστάτην 3018

εὐδαιμονεστάτους 2, 79

εὐδοκιμεῖν 25, 24

εὐεργεσίας 6, 40 14, 24 301

εὐεργέτης 2019

εὐεργέτην 13, 38

εὐεργέτας 13, 72 34,5

εὐηργέτησα 9,14

εὐήθειαν 26,2

εὐηθέστατον 13, 85

εὐηθεστέρων 3, 44

εὐήθης 3, 41

εὔηθες 8,17 16,6

εὐήθεις 12, 87 205

εὐθέως 1,17 3,11 9,4 13,35
f 90

Εὐθύκριτον 23, 5 8

εὔθυναν 11,9

εὐθύνην 1027 25, 30

εὐθύναις 1010

εὐθύνας 9,11 12 (αὐτοῖς libri)
14, 38 24, 26 25, 11 28,5
30345

εὐθυνοι S f 197

εὐθύς 1,23 27 3,8 8,15 13,
83 19,26 202226 21,3

εὐκλεᾶ 2, 23

Εὐκλείδου 21,4

εὐκόλως 4,9

Εὐκράτης 18,4

εὐκτός 2, 69

εὐλόγως 9,12 12,7

¹ Εὐμάρης (Εὐμαρής libn‘) 13, 64

64

εὐμένειαν f 71

Εὐμολπίδαι 010

Εὐνεῖδαι 84226

εὐνοοῦντες 8,19 (εὔνους ὄντες
libri) 13,13

 

