οιονται - ὀλιγαρχίᾳ

. 32, 21 1 14 180 (era οἰε-
σθαι)

οἰονται 9,2 12,8918, 19 19,
35 25,231 Ph 2321

οἴωνται Ph 231b

οἴοιτο 13,9

οἴεσθαι 19, 29 1 1, 4

οἰόμενος 6, 26 11 , 2

οἰόμενοι 1, 2 8,5 12, 85 13, 86
14, 43

οἰομένους Ρ1ι2321

ᾠόμην 23,5

ᾠμην 1,103,108,11119,3
31,181261

ᾠου 10,813,53

ᾠετο 3,512,58

ᾠεσθε 8,8 15,12

ᾠοντο 2, 31 12, 19 93 19, 46
52 25,526,14

οἰήσομαι 19, 62

οἰήσεται 30, 8

ᾠήθην 11,1

ᾠήθη 4,1419,4231,28

ᾠήθησαν 2, 23 39

οἴηθεν 1,16

οίος ί,13 64 20, 24252628 24,
531 1,311316281159

’ οἷονῙ 1612 19,5124,14

οἵου 21,1

οἵῳ 13,44

οἵαν 12, 39 13, 36 19, 63 26, 16

οἷοι 13, 44 20, 31

οἶα 1, 41 3, 25 9, 1 12, 40 98
13, 23 30, 2 2 31, 20 32, 18
148

- οἵων 2,1213,6218,23

οἵαις 18, 10

οἵας (lib1·i; Scheib. σοι) 26, 20 Ι

οἷόσπερ 25,2

οἷοίπερ, 112 15

οιοι περ 30 28

οἵοισπερ 21, 25 ,

οίόςτε1,31 141422,16118
101312 43620529
113 ,81541184

οἷόν τε 1,6 24 2, 1 18 3, 34 6,
81,111162612,313349
13, 8 26 52 11, 4 4 19, 41 20,
13 24430, 20188 Ρ1ι233θ

οἷοί τε 2, 30 65 12, 36 45 13, 93
20,2822,1631,18 ’

οἵους τε 20, 19

οἷοί τινες (οἵ libri) 18, 1

οἴχονται 20, 21

οἴχεσθαι 32, 18 -

ᾠχόμην1, 14310 13 36

ᾠχου1 1326

ᾠχετο 1, 20 22 39 31235 1,
19 13, 11 18,9 19, 19 32 20,
16 32,1

ᾠχοντο 12, 1315 13,2411 23,
9111132,10

οἰχήσεται 10, 20

ὤκνουν 123

ὀκτακισχίλιαι 32, 29

ὀκτακοσίας 21,1

ὀκτώ 20, 10 14 1416 32, 20
21 29

ὀλεθρον 111

ὀλέθρῳ 12, 60 13, 44 45

ὀλιγαρχία 6, 30 10, 4 11, 2 25,
21

ὀλιγαρχίας 11,9 12, 65 13, 20

18, 4 20, 3 25, 131 26, 21

34, 5 ’

ὀλιγαρχίᾳ 1, 2 1, 41 10, 21 12,

 

