000000000
0οΉ000000
0008000000
000000000
100000000
1010000004

αὐτῇ1, 820213, 474,11 (αὐτὴ ’

αὐτῇ - αὐτούς 33

——-.·————--— ——-————- ¹· -- --·

———.

1022 23 20 48 64 71 72 74
70 79 3, 22 37 0,0 0,10 7,
7 10 40 (αὐτὸν libri) 10, 0 0
12, 20 33 37 41 47 00 02 09
00 83 84 80 90100100 13,
2137 38 39 39 03 02 03 03
14, 424 24 37 (αὐτοῖς libri)

1101000111317048131 4110,0910,1108142

42 19,20 20,13 312312,
8 (αὐτῆς libri) 130

13020110 920232429

1318, 2020 19, 0738 20,

¹ 000000000
wwLQffiQfflMffiZ}
03,0000000·
0000001051

011110090,00

000000000
1000,100000
οΝ00000000

2931400204007,3,8891170,011οΡ1123

41,1008810 01102030 αὐτοῖς1,,3321222243040

00001000001

000000000
000000000
000000000
000000000
000000000
οΜ00500000
000000003
fflfflfflffl11ffl999
9‚9½9m099 16
000,0010,08

0111500,100ομ

2733 324 211411027120
103, 3 170, 222334400
001784

4003000007717380 3,
1742 4,40,10 7,1043 9,
1210,2812,12772372
70 80 80 13, 10 18 20 20 31
4990 14,447 10,89 10,1
1718,47719,7212443
21,82122,238131319
24,18 20,]011111123
2022027, 007810 282
13291 1132 11330 2231,0
32,38912101022222224
(τοῖς libri) 34, 8 8 1321 10, 5
178,3 11112310 Ρ11232110101
131233111

αὐταῖς 2, 0 120
αὐτήν1,812121110181,94 12 αὐτούς1,41

2,1812294040

1411,0122,78134223,01 0001148131318010

24,0 30, 22 3 ,2023 3211
14 (ταύτην 1111111 134
αὐτοῖν 14

αὐτά 12, 03 179

αὐτῶν 1, 333οΗ 2, 2113 4
0011111101 '

274040407, 1739 8,1]
9,7712,223041030008

¹ 838010013,3039480101
1 7878871141102

10,4.”1

10,11119, 133301 20,21
3

 

