152 ταυτησί- πάθους

Ι ’ ταυτησι 2310 2580142327 31269
, ’τουτῳι 13,4l(7057qJ libri) 13 34311113133111331
(1111231511.) 829,1 1303332,31321
⁴, τουτονίῙ 1,1(1111111 τοῦτον 33, 311 1,35153 4,178,3

8111315.) 3,111856 92 93 Ph 232 81260
20,3523,924,11223 7 ὀφείλω9,9

1 1211001ον 1151111754 ὀφείλειν 1, 329, 1010,12 19
τουτοιαι 1’2, 26 , 178,3

οὕτω 1613 40 4922630 69 ὀφείλων fl

77 7,9316913 33 37 40 ὤφειλον 9,12173
42 43 5,26, 34 7,2 1322 ὀφείλεται 25,11
26126] 26 8,13 9,1810,3 ὀφείλεσθαι 19, 32

13 15 28 12,17 40 73 76 86 ὀφειλόμενον 8,16

92 13,31 32 39 54607378 ὀφειλόμενα11,4

80 14,2 4 10 29 38 42 16,2 ὀφειλομένας 32,6

10 11 18,12 15 2319,4 7 8 ὄφελος 14, 11

34 45 53 20, 22 21,8 11 20 ὀφθαλμόν 81259
22,14 16 20 20 25,3 17 28 ὀφθαλμοῖς 24,14
26,]528,239,881135 ὠφλήκοι 23,3

31, 31 32, 13 1811,45 [ὤφλησεν] 13,65
153,3175,56Ρ11231(1 ὤφλείν) 10, 27 11,9 20, 14
οὕτως1,2231010101414 18

21 27 32 33 43 2,121 27 ὀφλεῖν 10,8

75 3,17 41 43 4,77146, ὀχούμενον 24, 12 .
10 7,l 19 20 25 28 28 34 ὠχούμην 24,11
8,49,1710,1314 2226 ὀφιζομένοις118
11,6 12,4 20 44 70 13, 18 ὄφεως 16,18

94 14,918 1827 353535 ὄψιν 163
4615,1016,1018,1619,1 ὀψεις 10,29

62 21, 18 22,2 24, 23 27 3111013220

77

παγείαας 168 πάγῳ 6,14 19, 31 11,12 12,
Παγκλέων 23, 12 69 26,11 12

Παγκλέωνι 23,1 πάγον 10, 11

Παγκλέωνα 23,3 5 6 7 7 9 πάθος 24, 10

πάγου 1, 30 30 6, 15 7, 22 πάθους 32,10

 

