γράφοι- δεήσεις

γράφοι (γράφῃ libri) 20,13 γυναικωνίτιδος 181
γράφειν 10,7 11,4 ρ γυναικωνῖτιν 1,9 3,6

έγραψε 4,3 γυνή 1,81017 19, 36 36 23,
γράψαντες 9,6 10 32, 12 f 82 190
γραφόμενος 8170 γυναικός 1,15 12, 19 19, 44
ἐγράφετο 13, [65] 73 21, 24 23, 11 32, 18
γέγραπτει 11, 6 γυναικί 1, 24 13, 42 32, 6 6 1 74
γεγραμμένοι 22,10 γυναῖκα 1,461012161619
γεγραμμένα 21,6 32, 20 263237 13, 39 40 14, 28
γεγραμμένων 30, 20 19, 16 18 32, 6 11,5
γεγραμμένοις 6, 10 γυναῖκες 1, 9 2, 46 81264
ἐγράψατο 1,44 γυναικῶν 2, 39 4, 20 12, 96
γραψάμενος 1 8 1 8 81256

· γραψάμενοι 13, 24 γυναιξί(ν) 1,31 2, 76
ἐγράφη 31, 27 γυναῖκας 1,33 48 49 2, 34 71
ἐγυμνασιάρχουν 21, 3 3, 23 12, 69 [13, 66] 28, 14
γυμνόν 1, 24 1 77), 5
γυναικεῖα 12, 19 νωνιασμός 161

δ

δᾷδας 1, 24 J δαπανᾷν 30,19
δαιμονίου 6, 32 δαπανῶντος 19,10
δαίμων 2, 78 13, 63 24, 32 δεδαπάνηκα 32,9
δακρύουσι 27,12 δεδαπάνηκε 30, 26
δακρύοντες 32, 10 δαπανᾶσθαι 335
δακρύοντας 32, 18 δαπανώμενος 21,3
ἐδάκρυσα 21, 24 ἐδαπανώμην (ἑδαπανῶμεν X:
ἐδάκρυσεν 2, 40 έδαπάνουν 0) 2313
δακτύλους 1 1, 5 δεδαπάνηται 21, 5
δάμαρτι 1, 30 δαπάνην 19, 58
Δαμνίππου 121216 δαπάναις Ρ1ι233θ .
Δάμνιππον 12, 14 δαπάνας 21,3

δανείζων 10,18 δαρεικούς 12, 11
δανεῖσαι 17,2 δασέα 7,7
δεδανεισμένας 32, 15 δασείας 81 144
ἐδανείσατο 12, 59 17, 2 δατεῖσθαι 81 7
δανείσηται 1,6 δεήσεις 16,11

 

