ἐρήμην -

mma&

ἐρήμους 2, 71 34,5

ἐρημοτάτους 2, 21

ἐρημότερος 29,1

ἠρημωμένην 2, 37

ἤρισαν 2, 42

Ἑρμαίου f 1, 5

Ἑρμῆν 6,1112 ,

Ἑρμαῖ 6,12

Ἑρμᾶς 14, 42 23,3

Ἕρμωνι f 33

ἔρεσθε 13, 76

ἔροιο Ph 2341)

ἐρέσθαι 12, 24

ἐρομένου 1,14

ἠρόμην 23, 2 4 5 8

ἤρετο 32,12

ἔρχονται 11,4

ἐρχομένων 147

ἐλήλυθεν 29, 7

ἐληλύθασιν 22, 14

ἐλεύσεσθαι 22, 11 ⁴

ήλθον 1, 41 3, 29 33 34 4,5
12, 30 13, 29 18, 10 2 19,
2143 23,11

ήλθε(ν) 2, 34 3,7845 12, 19
67 13, 12 377 14,918,9
19,50 20,14 23,10 31,9
3133 32,20 ·

ἤλθομεν 3, 28 4, 7 11 12, 53
16,4

ἤλθετε 12, 97

έλθη 6,4

ἔλθωσιν 38,8

ἐλθοι 1291755

ἔλθοιεν 31,6

ἐλθεῖν 3,1 4,6 12, 31 85 87
13, 77 31,1913

ἐρέσεσθε 89 Ι

ἐλθών 1,18. 3,6 9,10 12, 52
58 13,11 14, 38 20,1214
19 26 23237 32, 12

ἐλθόντι 10, 25

ἐλθόντα 23,6

ἐλθοῦσαν 2,15 ’

ἐλθόντες 1,22 35 3,7 4,7 12,
85493 32,261”75,4

ἐλθόντων 26,17 “

ἐλθοῦσι 18,11

ἐλθόντας 4,15 18, 22

ἒρῶ 21,6 22,11 24,45

ἐρεῖ 8,19 10,612 1],311

ἐρεῖτε 8,19

ἐροῦσιήν) 13, 21 22, 11

ἐρεῖν 12, 69 13, 21 28,12

ἐροῦντα 8,18

εἴρηκα 8,16 14, 46 24, 21

εἰρηκεήν) 3, 24 4,6 10, 30 11,11

εἰρήκασιν 25,2

εἰρηκέναι 8,14

εἰρηκώς 31,4 ῖ78,1

εἰρηκότι 10, 28

εἰρηκότα 10, 38

εἰρηκότας 2,2

εἴρηται 1, 30 10, 12

εἰρῆσθαι 2,2 31, 34

εἰρημένα 5,1 7,9 10, 30 12,
77 14, 47 23,16 29,8 30,
31 Ρ11234θ

εἰρημένων 1, 38 7, 30 10,2 19,

” 2427 64 24, 21 30, 20 Ph
2341

εἰρημένοις 12, 77 Ι

εἴρητο 1,21 10,9

εἰρήσθω 24,4

εἰρήσεται f 75, 1

ἐρήσεσθε 8,8

 

