128 ³ μηδαμῶς- μηνύουσιν
1 11 15 (0111. libri) 19 21 23 μηδενός 1,34 38 3, 26 18,520,
22,69101520212223,5 2925,23
121313 24,1 12252621 μηδεμιᾶς 3,42514,1325,4
25,313141411182232 μηδενί 9,412,6219,5323,5
34 26,4 59 10 10 12 24 21,1 μηδεμιᾷ 1,16 13, 95 25, 15
355888 8 15 16 28,9 16 μηδένα 1, 46 3, 33 1, 18 15,8
29,1 2 5 [6] 9 9 11 30, 18 20,1 21, 19 22,6 25,Ι 15 32,
111511202122232324 21318118,3
3035 31,61011 141626 μηδεμίαν 14, 40 20,30 29, 13
(011111518212829293132. 30,16Ρ112342 ⁸
33 32,1 123101134,66 μηδέποτε 1, 18 6, 28 31, 24
1111,11818111116,1 μηδεπώποτε 16,10 ι
148153,14115,6118,3 μηδέτερον 29,5
180185185189Ρ112302 μηκέτι 2,91,16
12112312θ Ρ1123222222(1 Ph Μηλίου 6,11
233222222Ρ112342281260 Μηλόβιος 12, 12 19

μηδαμῶς 13, 95 20, 32 21, 25 μήν (a) ἀλλὰ μήν 11,219,18
24,33 35 42 20,11 28 31, 13 (1οη

μηδέ 4, 20 6,4 24 41 1, 30 10, μήν 6, 12 (e) καὶ μήν 4,6 8,1

2611,912,3112 (μήτε libri) 12, 21 (d) οὐ μήν 8,1 1532
19 80 80 80 91 14,18 16,10 μηνός 1, 25 23, 6

18, 23 23 19, 33 20,4 9 36 μηνί 11,5 21,1
21,2124,1 1115 22 2226, μῆνα 32, 20
10 15 21, 15 30, 30 31, 30 μηνῶν 30,22
32,1034,11898161 μησί 128
μηδείς 1,21 6,41,3812,12 μῆνας 9,4
ψ 13,17 11159 20,1321,16 ’Μηνόφιιοι {115 15
26,15118,1 μήνυσις 13, 32 [32] (μήνυσις
μη11ι1,1818191,113,45, xc)
2 6,1121,1118,21111 μήνυσιν 13, 22
9, 22 10, 11 12, 38 445013, μηνυτής 6, 13 22 43 43 45 13,’2
926 46 14, 18 (μηδένα11511). 181431 “
2216,3581019,233133 μηνυτήν 1232481318
512011891012222322, μηνυταί 6,44
22418 26 25133456 μηνυταῖς 6,44 -·
11 161826 35 26,520 21, μήνυτρα 6,43
13 28, 11 30,1 18 31, 18 20 μηνύει 13, 21 56
32, 18 19 116,2 μηνύουσιν 12, 48

 

