156

παρανόμως 9, 17 18 12, 48 82
14, 42 26, 5

παρανομώτατον 153, 1

παρεπίπτομεν 27,15

παραπλησίως 173

παρασκευάζουσι 1, 28

παρεσκεύασαν) 2, 2 20, 23 24,1

παρασκευάσαι 2,1 24,1
παρασκευάσας 13, 58
παρασκευάσαντι 16,13
παρασκευάσαντες 13,12
παρασκευασάντων 13, 26
παρασκευάζεται 6, 33 34 31,
26
παρασκευάζονται 12, 88 28, 7
31, 32
παρασκευάζεσθαι ’13, 77 28, 10
παρεσκευάζοντο 12, 60
παρεσκευασμένος 15,5
παρεσκευασμένης 1, 24
παρεσκευασμένον 13, 26
παρεσκευασμένην 21,8
παρεσκευασμένοι 14, 10 30, 31
παρεσκευασμένων 13, 26
παρεσκεύαστο 13, 52
παρεσκευασάμην 7,18 21, 10
παρεσκευάσατο 19, 20 31, 17
παρασκευάσασθαι 1, 42 19, 62
παρασκευασάμενος 2, 27 26, 13
παρεσκευάσθη 13, 28 s
παρασκευῆς 13, 22 21, 10 28,
11 31, 3 30
παρασκευήν 12, 75 19,2 170
παρασκευαί 3,2
παρασπόνδους 12, 74
παραταξάμενοι 2,15
παρατιθεμένων 6,2
παραφρυκτωρευόμενος 13, 67 ·

παρανόμως -

παρέχοιμεν

παραχρῆμα 3, 39 6, 20 54 19,4
25,17175,6

πάρεισι 8,11

παρῶσι(ν) 14, 5 6

παρεῖναι 12, 33 14, 6

παρόν 12, 30 19, 14

παρόντος 8, 15 33, 8

παρούσης 24,17

παρόντι 13, 44 30, 25 1 75, 2

παρούσῃ 31,29 ’

παρόντα 2, 39 18,5

παροῦσαν 2, 67 Ph 2331>

παρόντες 2,1 23, 4 11 32, 18

παρόντων 1, 24 2, 36 65 5,4
7, 35 8, 12 10,1 12945 72
76 78 23,2925,812 32, 18

παρόντας 8,] 12, 80 18,10
20, 20

παρῆν 8,13

παριών 3,12

παριόντα (erat tum ἀπιόντα tum
παριόντων) 1 75, 3

παριόντας 7, [18] 20 1 1, 4

παριόντων 7,15

παρελήλυθεν 26,6

παρεληλυθότος 19, 62

παρεληλυθότων 3,19 15, 9 18,
18 19 22, 20 25, 28 33,6

παρεληλυθόσι 33,7

παρεληλυθότας Ph 231b

παρελθών 6, 52 25, 14 ·

παρελθόντι 31 , 16

παρέχω 16, 12 21, 16 ·

παρέχει 2, 77 19, 1 Ph 233b

παρέχῃ 10,15

παρέχωσι 19, 54

παρέχοι 19, 30

παρέχοιμεν 2, 75

 

