22 ἠπίστουν - ἀποδείξειεν

ἠπίστουν 8,9

ἠπίστησεν 31 , 21

ἀπίστου 2, 35

άπιστοι 25, 30

ἄπιστα 3, 24

ἀπίστους 5,3

ἀπιστότατον 3, 7

ἀπληστίαν 12, 19

ἁπλῆ 24,8

ἀπό (ἀπ’ ἀφ’) 2, 70 3,27 6,6
21 7,8 10, 20 25 12,9613,
296377 16,418 18, 16 21
19,3162 20, 28 21,1010
28, 12 ,31,389151611
22 32, 28 115 Ρ112340 81
157

ἀποβαίνειν 3,2

ἀποβέβηκεν 28, 14

ἀπέβησαν 2, 21

ἀποβάλλουσι 10, 30 11, 11

ἀποβεβληκέναι 10,9 9 12 21 11,
567

ἀποβεβληκώς 10, 23 11,8

ἀποβεβληκότα 10,1

ἀποβαλόντων 10, 25

ἀποβλέποντες 5,5

ἀπεγνωκότες 1, 34

ἀπογνώσεσθε 22,17

ἀπογνόντας 2, 46

ἀπογραφῆς 9, 3 21 13, 87 29, 1

ἀπογραφαί 17, 8

· ἀπογραφάς [13, 65) 8170

ἀπογραφῶν 13, 95 17,4 (ἀπο-
γράφω libri)

ἀπογράφει 13, 30 31

ἀπογράφων 81 70

ἀπογράφοντος (ἀπογραφέντας
libri) 19, 50

——-—

[ἀπογράφοντες] 17,4
ἀπέγραφον 17,4
ἀπέγραφες (ἀπεγράφης libri)
13, 61
ἀπέγραφεν 13, 65
ἀπογεγράφασι 17 ,4
ἀπέγραψας 13, 87
ἀπέγραψείν) 13, 30 33 51 89
ἀπογράψαι 7, 29 (ἀπέγραψέ 11-
511) 13, 31 59 28, 5
ἀπογράψας 13, 57 59 86 87
ἀπογραφόμεθα 19
ἀπεγράφοντο 12,8
ἀπογραψαμένων 25,9
ἀπεγράφην 7,2
ἀπεγράφη 13, 55
ἀπογραφῆναι 21,16
ἀπογραφέντες 13, 43
ἀπογραφεῖσι 13, 57
ἀπογραφέντας 13, 55
ἀποδεικνύουσι 15,11
ἀποδεικνύῃ 11, 11
ἀποδεικνύναι 13, 51 83
ἀποδεικνύντες 12, 38

. ἀποδείξω 3,4 16,3 20, 22 26

28 25,2 (ἀποδείξαι X: ἀπο-
δείξω et -ειν O) 30,9 31, 12
16 32,3

ἀποδείξει 25,14 32, 25

ἀποδείξωσιν 14, 22

ἀποδείξειν 7, 39 13, 33 28,4

ἀπέδειξα 7, 42

ἀπέδειξείν) 12, 76 30, 13 14
32,1411,5

ἀπέδειξαν 2, 55 63

ἀποδείξῃ 22,6

ἀποδείξαιμι 25, 14

ἀποδείξειείν) 16,7 24,24 32, 22 ι

 

