ιιπαω - εμπ

ἐλπίζω 3,2 6, 20 16,2 ἐμμένουσι 25, 23
ἐλπίζουσιν 30, 34 ἐμμένειν 25, 28 34 31, 2
ἐλπίζων 2, 21 1, 39 ἐμός 18,46 19,951 32, 12
ἐλπίζοντες 25, 24 1 33
ἐλπίζοντας 25,11 34,10 οὑμός 12,4
ἤλπιζον 1, 44 2, 36 13, 45 ἐμή 1,8
ἤλπισε(ν) 12, 10 31, 21 ’ ἐμόν 1,58,1219 13,2 19,22
ἐλπίσαι 6, 3 24, 5 1 15
ἐλπίς 14, 21 43 19, 8 53 28,15 τούμόν 149
33,1 Ph 231θ Ρ11232θ ἐμοῦ 12, 12 11,2 19, 32
ἐλπίδος 25921 8,2 ἐμῆς 1,16 3,6 1,21 8,1612,
ἐλπίδι 6, 22 9,21 26,1 99 13,41 16,11 19,31 21,
ἐλπίδα 142 21,3 6810 24,91018 32, 11
ἐλπίδες 19, 20 118, 1
ἐλπίδων 2,13 12,10 ἐμῷ 19, 12 18 60 20, 11
ἐλπίδας 2, 18 12, 53 25, 21 ἐμῇ 6,19 [1113113411
34,9 ἐμήν 1,4425263138 3,629
ἐμαυτοῦ 1,56101541 3,430 4,3 8,1 12, 14 13, 40 19,2
3438 4,20 1,16 8,4 10,1 1411611184
1233562 15,12 16, 20 ἐμά 8,1 11,521,16112
11,10 195556 21,91111 ἐμῶν 3, 41 1,18 21 30 34 39
24 25,111 32,9 Ph233⁰ 21,141511 30,1 151162
ἐμαυτῆς 32, 13 Ph 230θ
ἐμαυτῷ 1,5 3,13 4,191,14 ἐμοῖς 1,24 8,9 (ἐμοὶ libri) 12
283236 16,213 20 11,6 18 9,18
19,121,2424,10191 ἐμούς 1,426 8,13 32, 11
ἐμαυτῇ 32, 13 116, 1
ἐμαυτόν 1,38 1,3240418,11 ἐμάς 19, 15
116, 12 21, 16 24,1 25,2 15 ἐμοῦ 1, 141518 19 20 34 40
ἐμβαίνοντες 2, 59 3,28918212139 4,1216
ἐμβήσονται 2, 32 1120 1,11 11 12 36 31 31
ἐμβάντες 2, 3040 3943 8,33444121415
ἐμβάλλωσι 34,8 151819 9,219 10, 23 30
ἐμβαλεῖν 2, 49 52 12,1111 13,1 16,2 810
ἐμβαλόντος 16,16 Ι 11111211 11,28 19, 26
ἐμβαλόντες 4,4 21, 1 8 11 11 19 20 21 22 25
ἐμβαλόντων 2, 25 24,13 19 21 26 25,515 26,
’ἔμβραχυ (βραχὺ libri) 13, 92 21 30,81119 31,44 115

 

