Ι--Δι- ”

ἐμπόρους 22, 17 21

ἔμπροσθεν 17, 9 1-9, 45 53

ἐμφανές 4,11

ἔμφυτον 33,7

ἐμφύτους f 68

ἒνῙ,22710171718202427
3234363740452,3333

, 8910(ἐπὶΧ) 1018232325
33 3535 38 40 40444547
4749 49 54 54 57 57 58 58

, 6263 66 68 69 73 74 74 74
7880 3912183845 4,9
16 18 (om.O: μὲν cett.) 5,2 3
35 6,4468911 141417
20 30 31 38 40 45 47 4849
7,567777811122024
242728414142 9,69111
21 10,1 911 12 (0111. libri)
1616 16 16 16 23 2424 25
27 31 11,612 12,261012

ἐμπόρους - ἐναντιουμένων 77

555555555
555555555
5555555554
555555555
555515555
555555555
555555555
555555555
555555555
555555,3556
514Μ66665511
bmrwrrrfflwn
555555555
55456516145
511555555,3
55511551655
Ἡ555 56516
555555555
1555515546
155555655

13 162527 2930303842 κάν15,634,4
50 54 555669 69 69 7375 ἔναγχος 19,50
76 77 78 78 79 79929495 ἐναντία 124243 139697 18,

9797135666111221

55656

23 23 25 32 32 32 33 33 33 τάναντία 3, 38 12, 42 64 18, ’14

35 35 35 36 36 37 44 6566

5555555

55555555555555655555

86 86 88 88 89 89 96 90 90

f 90

6555565555 5555555555

1555555555

5555

libri) 3 (ἐν ταῖς : ἐμβὰς libri) τούναντίον 6, 36 12,2 64 13,

355555555

55555

17,3618,3455881019 ἐναντίων 24233163
22 23 24 25 25 19, 8 911 13 ἐναντίους 30, 3

14 16 19 25 29 31 (0111. libri) ἐναντιοῦσθαι 20, 8

’ 3436 39 40 41 434445 49 ἐναντιοῖτο 12, 72

50 51 53 54 58 60 61 20, 4 ἐναντιούμενος 12, 50 50
44 5 (μέν Xk) 6 7 10 10 10 ἐναντιουμένων 12, 97

 

