122 μαθεῖν - μεμαχημένος

μαθεῖν 10, 15 [24, 11] 26,15

Ι μαθόντες ,12,3513,413

μαθούσαις 2,6

μαθήσεται 24, 27

μαθήσεσθε 13, 4 23, 13 25, 8

μανίας 3, 29 29, 7 175, 3

μανίαν 3,7

μαντειῶν 6, 33

Μαντινέας 34, 7

Μαραθῶνα 2, 21

μάρτυρι 23, 14

μάρτυρα 7, 43 22, 9

μάρτυρες 1, 29 42 7, 10 13, 28
6416,]14]1732,182711,5

μαρτύρων 1, 42 43 3, 21 7, 22
23 37 10, 1 12, 48 19, 24 60
20, 26 31, 14 32, 28

μάρτυρας 1, 46 2, 63 3, 14 20

’225,47,192023253442
9,9 10, 6 12, 33424647 61
74 84 87 13, 42 [66] 68 81
14, 3 17, 2 23389 19,27
· 4168 20, 25 26 28 22, 12 18
23, 4 8 10 11 14 15 29, 7 30,
20 31, 19 32, 26 175, 5

μαρτυρεῖ 7, 33

μαρτυρούσιήν) 11 , 1 15,6

μαρτυρεῖτε 8,18

μαρτυρεῖν 7, 21 8, 18 20, 18

μαρτυροῦσα 114

μαρτυροῦντες 12, 87

ἐμαρτύρουν 20, 18

μεμαρτύρηκα 10, 30 11 , 11

μεμαρτυρήκασήν) 7, 11 38 26, 8

μαρτυρήσουσι( 117, 2 29, 7

μαρτυρήσοντας 8,18

ἐμαρτύρησεν 23,9

μαρτύρησον 16,8

μαρτυρησάτω 20, 11

μαρτυρῆσαι 4,4

μαρτυρήσαντος 10, 30

μαρτυρήσαντα 10, 22

μαρτυρήσαντες 19,4

μαρτυρόμενον 3,15

μεμαρτύρηται 3, 16 37 [13, 66]
19, 55

μεμαρτυρημένων 19, 27

μαρτυρίαν 10, 30 20, 18

μαρτυριῶν 4, 12 ΒΟΗ, Ι. 160

μαστιγοῦν 1 75, 4

μαστιγωθεῖσαν 1,18

μάστιγα 1 75, 4

μασχάλας S 1 144

μαχαίρᾳ 13, 87

μάχης 3183545146

μάχῃ 2, 7 34,9

μάχην 3,14 14,5

μάχαις 30, 26

μάχας 7, 41 12, 95

μαχιμώτατα 2,5

μάχεσθε 12, 94 . ⁴

μαχῇ (libri μάχη vel μάχῃ) 10, 10

μαχώμεθα 34,11

μαχοίμην 3, 32 .

μάχεσθαι 2, 31 3, 29 14, 15 17
16,1517

μαχόμενον 8,10

μαχόμενοι 2, 10 1646 52 61 66

‘ σταται

μαχομένων 14, 5 22, 8 34,5
μαχομένους 2, 14 12, 79 34,6
ἐμαχόμην 3, 38

ἐμάχετο 3, 46

ἐμαχόμεθα 34, 11

ἐμάχοντο 2, 68

μεμαχημένος 7,41

 

