130 . μ1ξει - οιί μόνον’

μίξει 81284 334445 26, 24 31, 21 32,
μισεῖ 14, 39 0 6 9 15 21 24 26 27 28
μισοῦσι 28,7 1 1, 2
μισοῖεν Ph 232(1 . μνείαν 3, 26 1 23
μισεῖν 16, 18 19 20, 4 25, μνῆμα 32, 21
18 μνήματος 2, 63
μισοῦντα 12, 59 μνημεῖα 10, 28 11, 10 34, l Ph
μισοῦντες 2, 14 28, 13 2331
ἐμίσει 3, 31 14, 27 χ μνήμην 2,3624 81
μισεῖται 13,1 μνῆμαι 2, 79
μισοῖτο 31 , 12 Μνησιθείδης 12, 12
μισεῖσθαι 1, 33 12, 54 μνησικακεῖν 18, 19 30, 9
μισούμενος 14,44 μόγις 22, 20
μισηθέντες 19,4 μοῖραν 2, 78
μισθόν 6, 36 19, 22 μοιχείας 1, 36
μισθοφοροῦντες 27,11 [μοιχεύειν] 13, 66
μισθοφορά 27, 1 ἐμοίχευεν 1, 4 15
μεμίσθωκα 17,5 [μοιχός] 13, 66
ἐμίσθωσα 7,10 μοιχόν ,304049
,33

1
μισθῶσαι 32, 23 μοιχῶν 1
μισθοῦνται 1 1, 4 μοιχοῖς 1, 36
μισθοῦσθαι 12, 59 μοιχούς 1, 36
μεμισθωμένοι 7,11 μόλις 32, 20
- μεμισθωμένων 7,17 Μόλπις 131
μεμισθωμένους 17 ,8 Μόλωνα 3,16

ἐμεμίσθωτο 3, 11 μόνος 1, 40 3, 17 45 6, 7 7, 33
ἐμισθώσατο 3, 24 7,10 41 10, 31 11, 12 17, 324, 9
ἐμισθώσαντο 19, 21 26, 11 28, 10 30, 4 31, 17 33
μισθωσάμενοι 12, 18 60 32, 27 34, 9 164
μισθώσασθαι 152 μόνη 26, 6 32, 4
μίσθωσιν 19, 43 μόνον 1,2 3, 34 7, 1519 8, 19
μισοδημίαν 26, 21 13, 53 87 14, 7 16, 3 20, 31
μισοπονηρεῖν 30, 35 22, 8 24, 26 26, 11 30, 17 25
μναῖ 19, 22 21, 5 32, 29 1441752
μνῶν 8, 10 19, 29 43 [32, 29] οὐ μόνον . . .ἀλλά καί 1, 16 34
μναῖς 32, 27 2, 68 3, 28 48 6, 10 26 7, 18
μνᾶς 16, 10 17,7 19, 152225 10, 22 13, 93 14, 12 1316,
25 26 32 42 43 20, 24 21, 1 1419,18141824616320,

 

