..—--——- υ..--

c. conj. (α) α. rel. 1, 6 30 35
49 66732 7,2 9,12 10,3
1818 12,243585100100
13,259214,5606611
15,13781016,118,16
16 19,1154 20,7121321,
20 224519 24,618 25,8
313233 27,88 29,13 30,
34 31,46 34,8 11,5 190
Ρ112311100 Ph 2331

(b) α. ἕως 12,37 29,10 33,8

· ΨΜΜἈΝ

((1) c. ὅπου 13, 86 32,13

(e) α. ὅπως 5,1 6,4 10, 13
14,419,1

(f) α. πρίν 19,5 22,4

(g) c. ὡς 20, 23; et superi.
12,362 16,9 24,4
α.ο)11.1,11112222,2754
737676 3,4529434648
4,2 18 · 5,5 (0111. libri) 0, 20
3942 7,6111214141633
40418,2444899,211

ἄν - ἀνάβητε 13

2932 26101721 28,314

ῃαααβαααα V

bbbwmwmffloe
aeffiwfflaeaemffiw
rfflmwaemmuffi
ffiwffiffibwwmw

swffi
mffrbbbrmmr

75 4,1 6,10 7,51234 12,
15463 13,3112132(0111.
libri) 4651 74 74 14,7818
182529 15,6 17,1 18,6
25 19,2326(0111.111)11) 21,16
23,13 24,2912(0111.111)11)
25,6 12 15 18 28 (om. libri)
26,714 27,8914 28,14
13 29,7 31,1313131 34,
1 f1,12 Ρ11232Η Ρ112341
Sf 261

c. part. 1,12 30, 33 31 21
per ellipsin 12, 20 34 78 26,7

555501

κᾶν 31, 22 (α. ind. imperi.)

mmmmmbfflmobrlfflfflbbwmb

10 12 10 21 23 23 24 26 28
31 11, 4 7 (om. libri) 7 88
1012 12, 31 37 46 50 82 82
83 83 84 84 88 13, 4 49 51
51657794 14, 23 23 28 35

αααααααῃ
mmwwmnwwr
mffiffiffiwmwwm
aeQmffimffibwr
Μαααααααα

353535414415,3816,7 κᾶν 19,3 31,1934,8116,1
712 17 21 21 17,4 18, 23 ἀναβαίνω 24,5111212
81317 22 1368133030 ἀναβαίνοντες 14,16

33 35 (0111. libri) 38 44 49 60 ἀνέβαινον 24, 11

60 60 61 20,213 13 15 15 ἀναβεβηκέναι 10,11

1υῃῃηωὸαηα Μαααα
ααααωῃαααααααααβαηῡ
18 21 23‚111 24‚68923 ἀνάβητε 11941 1141 1564

αααῆηααπα

bmwwwmfflfflb

 

