οὗδέ -

5555155551

55655ω555

οὐδένα ¹ Ι 147

555555555
5555

1555555555 55ω5555555

11,2 8 8 12, 202227 3337

555555555 55

49 51 53 63 89 14,5715
2127 4244444615916,
317,418,5919,772730
Mffissfflffifflffifflm
711 15 17 25 21,512 22,
2123,1212]324,21819
24 25 25,2 5 11 14 20 27 26,
1289]5222227,91028,
1329,530,5882731,213
13213131313332,1316
2033,3834,4711112
123174175, 6Ρ11 231(1 Ph
2329 Ph 233 Ph 2341481254
οὐδὲ. ἑ.δε’8,777711,6
οὐδ’ ἐάν13, 5219, 30
οὐδἐἰ7, 51021 1020 8120
21, 2427, 8155160
οὐδὲ. .οὐδε’2, 236, 101 112
12,991 1,142 95524 6
31,9934,5116,2
οὐδὲ..οὐδὲ..οὐδέ 12, 56 25,
1618
οὐδὲ..οὐδὲ..οὐδὲ..οὒδέ 21,
24 ,
οὐδὲ..οὐδὲ..οὐδὲ..οὐδὲ..
οὐδέ Ρ11233θ et Ρ11234ει
οὐδείς 1, 36 2, 26 3, 14 19 47
4,65,36,102425437,21

559

15555555
555555555
1555555555
1555ω5555)
551555555
55558555Μ
555555955
555555555
55555,5556
55515555915

944 411891 19213236

555555553,
15555514555
555555555
555555555
555555555
555555555
555555555
5555515551
1fw,mfflfflwmw

οὐδενός1, 412 293, 40 474,

1153195555
155555514555
555555555
55155555Μ

οὐδεμιᾶς 2, 2 (οὐδὲ μιᾶς Xk) 8

551ὼ5οῡω583
3Ὓ55565551
553ω

555555555 555515254515

555555555
555555555

855555555
5555 “

5 17 22,17 23,3 10 25,8 οὐδεμιᾷ 7,37
14 15 15 18 29,1 14 30, 33 οὺδένα 1,3 2, 50 7, 43 8, 20 9,Ι

 

