148 οὐδεμίαν - οὔτε

14 19, 90113, 64 6816 90 ἆρ’ ουν 96 1301616 ουκ habet
1,681116,119 19,89366 Sche1b)f32 (ουκ 11611)
96,1698,4,1630 16 δὀὖνό,9,391 1,9,0961183
οὐδεμίανΙΜ4439641631μὲνοῦνΙ,31998419,3610
90911 10,9130(οὐδεμιᾷ11- 11446669813,9914046
61611, 111,1436983 ,6 4,196,96, 13 9043 8,93
181 1019,6890,11494,96 816199,33816161990
96,1498,1631,939,98 9110, 631 1939194113
” οὐδένας 9,99 111 111991 13 3643611616
οὐδέποτε 1,10113,9610,13 88901,4398461,6 1191,1
13496016 14, 38 96, 90 193461,18 9111991994
99,10 6366666090, 491, 19199
οὐδεπώποτε 4, 116,4619, 19 99,3493,491011 11113
13,6914,1019,666191, 94,4696,9 683496, 91
9394 9696 39 93116 9 98,81699,8131431,390
οὐδετέρου 9,16 39,18 18 96 33,3 34, 3 11, 6
οὐκέτι1,116,963666,16 1,966 163,3118,4Ρ11939(1 Ph
91,1198,119 9341ο »
οὔκουν4,186,14394410 ,19 νυν οὖν 68631348 ,
13, 63 93 19, 01 90, 9 91 , 90 οὔπω 1, 14 9, 69 63 9, 4 13, 96
96, 10 14, 11 90, 34 94, 66 96, 11
οὐκοῦν 4, 6 99, 4 οὐρανομήκης 114
οὖν 1, 16 16 18 46 49 3, 690 4, ὤτων 19, 19
69061 33 1311384949 οὐσία 6, 31 19, 3446 90, 33
461,938,319,49910,4 οὐσίας 3,38 1,339 19,90 13,
1316169911,9611119 4116,1011,618,19619,
19,619149436416488 11994691,1396,9699,4
13,1341111994496669 939,18143119
14 89 838181919691 14 οὐσίᾳ 18,631,19 [34,3] (511-
18 43 41 111,169 11,116 κίᾳ libri)
818,1691119,1936110 ουσίαν 3,941,96 18,11 19,
119999333661636864 41696190,9391,1199
90,16303691,1913 9199, 94,11 94 96, 99 98,999,9
169993,0181694,9396, 1131,61439,4139311,6
1096, 9499, 14 30, 149431, 143118,3119191Ρ6939ο
⁴ 121416232432993411051⁶...05wz24564773ae9
116,1116,14118,4189 4,19906,346,639381,
Ρ11934Ιϋ 691398,169,9111414

 

