διπλοῦν - δεδόχθαι 1,

ι---.-- .

διπλοῦν 1,9 , 1δοκοίην 11,12
διπλῆν 1, 32 32 δοκοίη 22, 2
όίς 6, 30 111311 11,11 12, 31 δοκοῖεν 1933
18 14, 39 19, 29 (δὶς χορη- δοκείτω 6, 511
χήσαι; διαχορηχῆσαι libri) 1 δοκεῖν 4,12 8,4 12,661 13,
25, 21 31129 3119 34,1 19 21,12 11,4 115,2
(διὸ 111)τί) δοκῶν 12, 65 1116
δισχιλίας 21,1 32, 6 15 15 δοκοῦντα 121214 19, 58 (δο-
δισχίλιαι 19, 59 κοῦντάς libri) 28,8 165
δισχιλίοις 13, 35 δοκοῦντες 2, 38 12, 55 19, 30
διώκω 11131 11,12 21115 211 25, 34
διώκουσι3, 36 ¹ δοκούντων 19, 44
διώκειν 32,2 δοκοῦντας 8,2
διώκων 1111112 ἐδόκουν 2,4 1,36 13, 54 19,
διώκοντι .15,1 15 45
διώκοντες- 3, 46 ἐδόκεις 1, 211
διώκοντας 2,4 ἐδόκει 112 1291111415 13,
ἐδίωκον 3, 38 18 24 31 41 54 96 (δοκεῖ li·
διώξας 3, 21 111111111448 53 21114 21,11)
διωμοσίας 11111 ἐδοκοῦμεν 18,12 3419
δόγματα 6, 43 δόξω 3, 31 9, 20
δοκῶ 1, 41141 42 8, 1 1111 δόξει 14, 25 (δείξειΧ; δόξειενΟ)
16, 20 1111 21,1
δοκεῖ 11 ,144115 11315 Ι δόξετε 1118 1191 1119 2⁴2,
591,12935111311 12,1 1 11 261515 31133
· 2884 13,58 91 1141131 δόξουσιν 111
15,1 9 16,9 114111 19, 28 δόξειν (δόξειεν 1151·116,4444
49 20,11922,1323,124, ἐδοξε1ν) 161411 3, 19 6, 24
12918 26,19 2111 29,1 12,1 13,511 11,6 23111
3183231245312123 ἔδοξαν 2,5 21115 3111
34,8132118,14 δόξῃς (δοκῇς 1151111161
δοκοῦμεν 2,15 12,2 19, 53 δόξῃ 12, 31
δοκεῖτε 6, 23 δόξειε 3, 29 6, 23
δοκοῦσι1ν) 12, 63 13, 14 86 14, δόξαιτε 22, 11
19 1118 32,1 δόξαντα 11112 (δείξαντα libii)
δοκῇ 3, 26 Ph 2310 13, 56
δοκῆτε 26,5 δόξαντας 144
δοκῶσιν 21, 2 δεδόχθαι (δέδοκται libri) 29, 5

 

