186 συνέστησαν - ἔσωσα

συνέστησαν 22, 21
συνίστασθαι 22, 17
συνεστήσαντο 9,15
συνῴκουν 141

,ευ--ι-ι--υ--υ--ῄ

σφετέρων 2, 74 12, 47 13, 45
14, 4ο 2 ,12 20 32, 11 Ph
234

σφετέ ροις 28, ’7

συνουσίας 8, 16 13123218 1 260 [σφετέρους] 13, 45

συνουσίαν Ph 232¹>
συντάττειν 8 1 286

συντετελεσμένου 81 185
συντίθεται 168
συνεθέμεθα 13, 88
συνέθεσθε 6, 38 18,15
συντιμηθῆναι 31, 31
συνδραμόντων 3,16
συντρίβει 3,8
συντριβόμεθα 3,18
συντριηραρχῶν 32, 24
συνετριηράρχουν 6, 47
συντυχχάνουσι 133
συνωμοτῶν 12, 43
συνωνεῖσθαι 22, 6 6
συνωνούμενοι 22,9 12
συνεωνοῦντο 22, 11

συνεωνημένος 22, 12 Ι

συνωφελεῖσθαι 12, 93
Συρακουσίου 6, 6 20,16

Σφηττοῖ 17, 58 ’

σφόόρα1, 131 3, 2913 12, 47
58638792 3 31313244
698614 2731 15, 216 2
25,1727,1 4115153017
31,2833,3Ρ11233θ

σφίσιν 9, 11 12, 85 13, 7 19, 36

σφᾶς (ὑμᾶς libri) 20, 35

σφών αὐτῶν 8, 11 (ἐφ’ ὧν libri)
12, 38 13, 7292 20, 2621
26, 24 32, 10

σφίσιν αὐτοῖς 2, 8 18 23 12, 75
18, 1420, 17 29, 10 31, 5
153,2

σφᾶς αὐτούς 2, 37 71 5, 4 6,
44 7,]740 12, 28 35 14, 42,
18, 19 19, 5422, 8 27, 10
29,634,8

σχεδόν 10,5 13, 33 43 88 23,
’ 13

συσκευασάμενος 31, 9 154 (erat σχέτλιον 31, 31

ἐσκευασμένος)
σύσκηνος 13, 79
συσκοτάζοντος 1 75, 4
συσσιτήσας 13, 79
συνεστασίασεν 30,11
συστρατευόμενοι 20, 29
σφέτερον 23,7

σχετλιώτατον 13, 93

¹ σχετλιώτατε 12, 26

ἐσχηματισμένοι 173

ἐσχόλαζον 9,14

σώζειν 12, 30 (libri vel σώζοντα
vel σώζων) 86 14, 21 21 24,
19 30, 31 31, 7

σφετέρας 2, 37 12, 94 (ὑμετέρας σώζοντες 14, 19

libri) 14, 24 25, 18 30, 1 33,6 σώζοντας 2, 22 30, 33
σφετέραν 2,6 52 13, 27 26,13 σώσω 12, 11
σφέτερα 19, 33 38 21, 15 21 σώσειν 12, 10 68 87

ει, 19 τε, ειν κιο

ἔσωσα 11‚7 21,9

 

