10 ἀλλήλας - ἀλλοτρίους

12, 51 53 93 13, 80 18, 17
22, 8 25, 10 23 30 [32, 19]
312469 '
ἀλλήλας 33,1
ἄλλοθεν 4,13 19, 26 55 26, 19
ἄλλος 13, 87 23,10 29, 14 123 16 29, 5 7 31, 27 32 32, 2
1782198 33,134,11157175,6Ρ5
ἀλλη 1,45 24,6 231ᾱ Ph232³0
ἄλλο 1, 27 3, 14 6,4 7, 27 10, ἀλλοις 2, 26 4458 62 76 3, 28
212,4413,799149414, 4,8115,56,377,2412,
36 16, 8 (δι’ ἀλλο ρει διαβάλ- 28 13, 24 92 14, 29 45 16,
91414 18, 15 19, 7 20, 35
5 24, 1 26, 912 18 2116 21,17 22, 1316 24, 20 25
28,1130,1831,2015134 25, 27 27,6 28, 1516 30, 24
Ρ11232ὓ 31, 7 8 34 153,1 33 Ρ11231ο

8181888888
1118111 1185814884
8188881 81188 818
1488 81488811818 85,
181884818888,1111118

λομα1 Xk) 17,4 19, 31 22,

ἄλλου 1411 815818
ἄλλης 1, 88 88

Ph 2331> ‘¹

ἄλλαις 24, 26

ἄλλῳ 1185 1185588115 ἄλλους 141 8, 1888 88 84 44

31, 29 Ph 2322
ἄλλῃ 15,1 25, 11

ἄλλον 18 8, 8ο 88 14 114

141181518188111
1181 1141115818 14,
1881888848 1118 1118

181111 818 818 818 11 81881 8115 81118
ἄλλην 18818 18185 18, 818 88 88 8118 81114
11 1114 81118 8111 8188815 8118118 188

179 Ph 2322

Ph 232ο Ph 23416

ἄλλοι 1 8 18 88 8, 18 44 54 ἄλλας 11818 8188
11888111811881148 8118118111 118 8184

818185 811 8188111 ἀλλότριον 111

815 8115 184

ἀλλοτρίου 1100

ἀλλαἸ 3, 40 45 46 10, 20 12, 58 ἀλλοτρίας 1, 33 36 49 2, 6 24

14 14, 88 118 18, 88 88

8111 815

8188

ἀλλοτρίῳ 13, 79

τᾶλλα 1, 20 7, 31 17,3 19, 21 ἀλλοτρίᾳ 12, 95 34,10

8114 8118

ἀλλοτρίαν 2, 17 25 52 62

ἄλλων 1158 8, 81 84 88 84 ἀλλοτρίων 15815 11518,
48 48 88 88 14448 4, 11 11811118185
11 1118 18 84 1141 ἀλλοτρίοις 8111
48 88 88 118888 85 111 81181818188188188188

 

