καθευδήσουσα - καινοῖς 105

καθευδήσουσα 1,10 καταστήσητε 9,19
καθήκειν 26,12 καταστῆσαι 7, 29 13,17 23, 12
καθῆσθαι 28,6 καταστήσας 2,16 7, 32 13, 57
ἐκάθητο 13, 52 163 23, 12
ἐκάθηντο 13, 37 καταστήσαντι 20, 23
καθιέρωσεν 19, 39 , κατέστην 12,3 21,4
καθίζουσιν 13, 24 κατέστης 13, 58
⁴ καθίζοντες 171 κατέστη 2, 57 8, 10 25, 27 30,3
καθίστησιν 28,11 32,19 ί25 31, 15
καθιστάσιίν) 5,4 13, 12 30, 23 κατέστημεν 30,3
(καθιστῶσι libri) Ph 232(1 καταστῇ 30, 22
καθιστάναι 25, 3 (καθιστάνειν καταστῶσιν 19,6
libri) 8 26, 15 (id.) 28, 7 (id.) καταστήναι 3, 48 16, 1 18,18
f 91 · 31, 33 Ph 2321’
καθιστάς 12, 42 κατασταίη 13, 25
καθιστάσης 31, 28 καταστάς 12, 48 78 21,1 24, 24
καθίστασαν 25,13 καταστάντος 2,,48
καθιστάντες 2, 56 7 , 17 καταστάντες 27, 3 6 30,1
καθίστην 7, 32 καταστάντας 32,10
καθίστη 3, 44 καθισταίμην 16,17
καθέστηκα 3, 38 4,13 19 καθισταμένης 13, 61
καθέστηκείν) 7, 2 19, 8 31 , 11 καθισταμένοις 13, 21
καθέσταμεν 12, 81 καθίστατο (ἀφίστατο ναί ἀφί-
καθεστήκατε 28, 14 σταται libri) ί75,3
' καθεστήκασιν 1, 49 καθίσταντο 20,9
καθεστηκότα Ph 231θ καταστήσομαι 7, 41
καθεστηκότες 12, 76 καταστήσεσθαι 5,2
καθεστηκόσι 16,3 25,3 κατεστήσατο 30,4
καθεστηκότας 16, 12 25,6 κατεστήσαντο 2, 18 3, 42
καταστήσειν 26, 8 καταστήσασθαι 13,7 12 f 52
καταστήσων 32, 23 κατεστάθησαν 13, 35
κατέστησείν) 3, 3 20 7, 42 13, κατασταθείς 24,9
73 20,6 29,3 4 30,2 κάθοδος 26, 18
κατεστήσαμεν 19, 31 καθόδου 18, 9 25, 21
κατεστήσατε 6, 36 22,16 καθότι 23,14
κατέστησαν 2, 615 70 71 3,11 καινοί 2, 67 (κοινοὶ libri)
9,11 12,5 21 36 43 44 55 94 καινῶν 2, 26 28,4
'· 13,3425,9142633,6ί75,1 καινοῖς 2, 61

 

