62 κάγώ - εἰ
113116,1142143145 εἰθισμένον 12,1138

118, 24 Ρ1ι 23410 εἰθισμένοι 19, 10 21,1216
κάγώ 1,13 13 23 3, 11 24, 5 εἰθισμένων 3,9

25 ” ‘
ἔγωγ114,1113,4919,545 1111512155 <

22,5 26,1 28,4 31, 20 81 ἔθος 8,19 15,3 31, 11
26181286 ἔθεσι2 1

ἐθελοντής 29,4 εἷ c. 1211113223. 2, 22 3,4 4,5
ἐθελοντήν 29,1 6, 3341 1,1835 8,6 9,2
03153213 1012 10, 20 12, 313481
ἐθῆλει 6, 30 1,21 ἱ ,1,3, 11ιέ 15784814, 171913911155,
11911151510111111145 22, 1315 19, 1 315 38 53 20, 11 20 21
σειῃι,613,ι ff 30303521‚1222,1213
ἐθέλειν 19,53 25,22161826,3521,13
ἐθέλοντος 19,40 23,11 ² 15 29,430,111121 31,2
ἐθελούσης 23,11 1432,11121121153,1
θέλοντες 19, 6 Ph 231cc Ph ‘233‘l 81260
ἐθελόντων 16,18 1 2123122221. 1,31 38 38 40
1333 1131113 1 1131 11 111313
ἤθελε1ν) 1,12 1, 35 36 43 20, 1 1415 1111 101111 20120 211 28
ι432,ι2 1 3031318,9119,12ιθ,2
ἐθελήσει 6, 43 ξ 11,56 12294141 521καὶ
θελήσει 20, 32 3 libri) 516488 13, 22 26 28
ἐθελήσειν 14,21 , 3662909415,216,1211
> ι 5· ῑ

13113113 ..ιη λι ιι 1113111313ῗὲ 3
12, 58 68 69 13, 26 18,412 - 21,51111 22,1118 24,11
303 31 13116 2 1153 12 25 141419 26 91011
ἠθελή1σαμεν121, 15 30, 35 1 , 28,4 129,1 30, 8 15 11 31,
ἠθέλησαν 2,12 3,12 3 22 21 3211322 23 33,4
ἐθελῆσαι 13,11 31,1 - 34,11 111 113134188
θ ’σαντε 218 ἓ 198

101111σάντι1ν 19, 53 5521221419 1,5 9,12
’·”; ”2 '. 39 0⁴52: ⁸5,
111815111114, 311 24, 20 32,11 111 261111111116 ,111211111111
εἴθισθε 2120 1 2321 1’112330

 

