· δείσαντες -

*fln-

beioavre5 12, 98 25,9

ἔδειξαν 12, 49

ἐδείξαμεν (ἔδοξαν libri) 12, 53

δείξατε 12, 90

ἐδείχθη 31, 30

δειλαιότατος 24, 23

δειλία 10, 28

δειλίας 14, 5 5 7

δειλίαν 14,11 16 16,15

δειλός 14,44

δεῖνα 1, 41 19, 49

δεινός 2, 34 10,9 13 19,1 1”75,2

δεινή 1,7 19,7

δεινόν 3, 17 37 4043 4, 13 6,
131539 7, 12 29 35 10,13
22 11,6 12,36 87 88 14,17
ωαπωαωωεω

“ 17 18,12 20,10 21,24 25
22,213 24,9 25,19 26,9
27,728,329,491130,8
1632 31,24 34, 11

δεινοῦ 14, 42

δεινῷ 19,8

δεινοί 12, 86

δεινά 3, 1 7 9 16 19 26 37 6, 50
5013,4314,2918,1219,
420,151936 22,17 26,’1
28,130,1732,111,3175,6

δεινῶν 2, 13 37 72 13, 34 (δει-
νὸν 11511) 95 31,5 32,18 33,9

δεινάς 3, 43

δεινότατον 19,5 33 30, 29 32, 24

δεινοτάτην 1,·2

· δεινότατα 7, 23 13, 94

δεινοτάτων 12, 78
δεινοτάτοις 28, 7 14’
δεινότερον 15,3
δεινότερα 12,1 28, 15

δεσπότας

δεινότεροι 1, 49 1 78, 4

δεινῶς 3, 27 4, 9 10 26,9

δειπνεῖν 1, 40

δειπνῶν 3, 29 1 75, 5

ἐδειπνοῦμεν 1, 22 3,7

δειπνήσαντες 175, 4

δεῖπνον 1,11

δειπνοφόρος 8 1 311

δέκα 6, 11 12, 7 76 76 76 13,8
14 19, 43 46 47 21,7

δεκαδοῦχος 81 79

δεκάκις 24,9

δεκαπλάσια 19, 35

δεκάτῳ 2, 27

δεκάτας 20, 24

δεκατεῦσαι 8 1250

Δεκέλειαν 14, 30 18,9

Δεκελειόθεν 23, 23

*Δεκελεῖς 23, 3

Δεκελέων 23, 34
Δελφούς 19, 39
δένδρον 7, 28
δένδρα 14, 33
ε’δεξιώσανιο 2, 37

εωκωωαωωεω

20, 21 Ph 232¹)
δέους 2,15 6, 35 19,3
δέη 6, 20
δερμηστής 81 104

δεσμοῦ 6, 21 22

δεσμοῖς 6, 31

δεσμωτήριον 12, 16 26 52 13,
394044 26, 13

δεσμωτηρίου 12, 18

δεσμωτηρίῳ 13, 67

δεσπότης 23, 8 9

δεσποτῶν 7, 35

δεσπότας 5,5 7,16

 

