26 · Ἀπόλλωνι -

Ἀπόλλωνι 19, 39

ἀπολογῆται 14, 43 30, 14

ἀπολογεῖσθαι 12, 38 13, 49 77
89 14, 21 16,9 19, 1151
28, 12 30,731 ί 88

ἀπολογούμενος 12, 77

· ἀπολογούμενον 6,4219,324,21.

ἀπολογούμενοι 30, 8·

ἀπολογουμένοις 19,3

ἀπολογουμένων14,2427,830,1

“ ἀπολογήσεται 6, 13 35 10, 6
26, 21

ἀπολογήσονται 12, 86

’ ἀπολογήσεσθαι 6, 3712, 62

(ἀπολογήσασθαι libri) 22,10

26, 3
ἀπολογησόμενος 12, 84
ἀπολογησόμενοι 12, 22
ἀπελογησάμην 22,3
ἀπελογήσαντο 2, 65
ἀπολογήσασθαι 7, 37 9,17 12,

17 89 21,1820 26, 13 28,9
ἀπολογίᾳ 6, 41 12,7
ἀπολογίας 12, 64 81 29,5 30,7
ἀπολογία 13, 82 26,3

, ἀπολογίαν 7,20 9,312,81 14,

82916,8922,1725,7

’ ἀπολύοιμι 8,4

ἀπολύοντες 13, 94

ἀπελύσατε 20, 20

ἀπολῦσαι 4,13

ἀπολύσαντες 7,17

ἀπολύεται (πολλοῦ vel πολλοὺς

vel πολλοὶ libri) 6,14
ἀπελύσω 13, 75
ἀπεμαχησάμεθα 3, 25
ἀπόμισθος S f 138
ἀπεμίσθωσα 7,9

ἀποστερεῖ

ἀποπέμπειν 6, 53
ἀποπέμψωμεν 30, 22
ἀποπέμψας 32, 25
ἀποπέμψεως Sf 307 <
ἀπορῶμεν 1,35
ἀποροῦντα 9, 21
ἀποροῦσι 19, 59
ἀποροῦσαν 30, 22
ἀποροῦντες 2, 32 9,7 19, 37
ἀποροῦντας 16, 14
ἠπόρουν 19, 21
ἀπορήσει 7, 23
ἀπορήσειν 19, 23
ἀπορούμενος 9,5
ἠπορούμην 3,9
ἀπόρθητοι 33, 7
ἀπορίας 24,17 30, 23
ἀπορίᾳ 13, 11 28,11
ἀπορίαν. 2, 37 74 10, 1 19, l
28,2 30, 22 31, 19
ἄπορος 7,2 31,12
ἄπορον 12,1
ἀπόρους 2, 73 28,2
ἀπορρηθήσεσθαι 22,14
ἀπορρήτῳ 13, 21
ἀπόρρητα 6, 51 31, 31
τάπόρρητα 12, 69
ἀπορρήτων τηεσε 11,3
ἀπόρως 13, 11 16,14 18, 23
24,16 32,9
ἀπορωτάτην 7,2
ἀπορώτατοι 7, 39
ἀπορωτάτους 121233(1
ἀποσβεσθῆναι 1,14
ἀποστασίου S f 32
ἀποστᾶσιν 18,7

ἀπέστελλεν 32, 25

, ἀποστερεῖ 15,5 f55

 

