ἐγέντετο- γιγνώσκοι . 43

έγένετοῙ,91 174,32 1,26 10 γενόμενον41 13206,1,1472 115

35434310271 12264346 21,9

65 3, 30 33 34435556 58 γενομένου 2,31 7,41 19,34

616477 79808282 14,30 γενομένης 24858 3,182535

37 17,3 19, 16 17 28 3451 16, 15 20,28 175,14 Ph

20,12 23,14 25, 2 12 26, 22 2321)

30, 2 11 16 γενομένῳ 13, 42 Ph 2341
ἐγενόμεθα 175,4 γενομένην 13, 15 (λεγομένην
ἐγένοντο2,1 1639 4,16,39 libri) 21,9 31, 15

380 95 ,16211 1129, γενόμενοι 2,131325315367

55 20, 20 25, 926 26, 22 69 12, 97 30, 12

Ph 232 γενόμενα 1, 20
γένωμαι 1,4 γενομένων 2, 59 201 1522 21,
γένηται1 31412 1155 16 826,,531 1οΡ11230ὓ

1,42533116,2Ρ11231θ γενομένοις 31,13
γένησθε 2ο, 35 γενομένους 2, 3344 8, 23 32,
γένωνται 26, 13 Ρ112320 ¹ 13 33,7
γενοίμην 7, 41 γενομένας 7,14
γένοιτο2, 54 73 6, 20 22 10, γενηθεῖσα 122

262831 11, 12 13, 32 46 γέγονεν 11,9184

(γένοιντο libri) 77 86 15,3 γεγόνατε 13, 93

19, 38 20, 13 30, 19 31, 14 γεγόνασι(ν) 2, 10 72 14, 19 41

81260 15,1 16, 19 18, 25 21, 20
γένοιντο 5, 5 26,1 17 27, 9 Ρ11233(1
γενέσθαι1, 1124047 2, 2947 γεγονέναι1, 13345 2, 731 1020

813,14304,1278916 1,1945 ,1528171531

23344312,3132497071 γεγονώς 6, 46 1,0271 1,955

9613,157183252ο8 14 2516 30130

49925 38 1,1610 185 10 γεγονοτα (γεγονεναι 11511) 11,2

1,19 320 3542 4ο 2011930 γεγονυῖαν 11,5

35 21,212225 24,6 25, 30 γεγονότες 2, 20 50

26,71127,1330,81216 γεγονότας 7,1 19, 13

32, 520 Ph 232ὓ Ph 23310 ἐγεγόνει 31, 17
γενόμενος 3, 20 6, 4548 7,12 γιγνώσκουσαν) 19,2 31, 20

9140 ,10 1,115 ,551 13, γιγνώσκετε 13, 94

27911427 24, 25 26,113 γινώσκω 8,14

30, 25 31 , 24 γινώσκει 6, 30

γενομένη 2, 60 γιγνώσκοι 23,5

 

