16 ἀνοίσει - ἀνδρες

ἀνοίσει 12, 81 ἠνειχόμην 3,9
ἀνενεγκεῖν 7,17 ἠνεσχόμην 3,3
³ ἀναφερομένας 12, 64 ἠνέσχεσθε 13,8
ἀναχωρῶν 16, 18. ἀνασχέσθαι 0, 53 7, 30
ἀναχωρήσωσι 14, 6 ἀνεψιαδοῖ S 1299
ἀνεχώρησα 16, 15 ἀνεψιός 13,1 18,6
Ἀνδοκίδης 6,4 6 11 [11] 21 41 ἀνειμιότης 81299
43 4548 ἄνηβος 14, 25 ·
Ἀνδοκίδου 6,21 38 39 40 46 53 ἀνήκειν 1 65
Ἀνδοκίδῃ 6, 3 783850 ἀνηκέστῳ 4, 20
Ἀνδοκίδην 6, 32 ἀνήκεστα 13, 75
Ἀνδοκίδη 6, 49 ἀνήρ11 116 12, 48 20, 212 26,
ἀνδράποδον 13, 67 321 32, 89
ἀνδράποδα 4,1 12,819 ἀνδρός 6,78 153913, 79 18,
ἠνδραποδίσθη 2, 57· 14 19, 56 59 27,4 30, 26
ἀνδραποδιστήν 10,10 11,6 32,7 33,314 130 ,
ἀνδρεῖος 8170 ἀνδρί 6, 54 12, 52 13, 40 20, 19
’ ἀνδρικῷ 21,1 ἄνδρα 6, 30 8,5 10, 24 11,9
Ἀνδροκλείδης 1 79 14, 28 1 1, 5
Ἀνδροκλείδου f 78, 4 ἀνδροῖν 16, 14 -
Ι ἀνδροφόνος 13, 88 ἄνδρες l, l 2 4 9 11 14 15 17
, ἀνδροφόνῳ 13, 82 23 25 27 28 29 3032 3234
ἀνδροφόνον 10, 0 12 11, 3 13, 37 37 39 40 41 43 47 2, 4 13
5681 256973 5,1 6,8173341
ἀνδροφόνοι 11,33[,10, 717 55 9, 3101415167 15
ἀνδρωνῖτιν 1,9 20 21 28 29 30 3012,1 311
ἀνεῖναι 13, 93 24 34 37 43 49 697 74 75
ἀνεκδότους 13, 45 971,13 334815151183
ἀνεκτοί 22, 20 · 39 43 44 46 47 47 49 52 62
ἀνελεύθερον 10,2 , 63 65 67 70 7071 82 84 89
ἀνελπίστως 2,4 1 89 92 93 93 95 95 14,124
ἀνεπιτήδειον 31,2 67 11 12 141617181920
ἀνεπιτήδειοι 8,1 23 28 32 38 41 43 1,5 156
ἀνεπιτηδείως 31,5 7891011111711018, 19
ἀνεο9,1019,23175624,4 12121320222419,159
20, 10 31,34 111723 28 29 39 42 45 53
ἀνέχεσθε 30, 30 ’ 54 5864 20, 18 926 32 34
ἀνέχεσθαι 7, 35 31,,22 32, 1 21,1 13 16 19 20 21 22 22 23

 

