102 θυσιῶν - ἱκέται

θυσιῶν 2, 39 6, 33 θύσει (θυσίας θάσει; θυσιάσουσι
θυσίαις 30, 19 Χ et GK: θυσιάσει vulgo)
θύομεν 6, 51 6, 4

θύειν 6, 5 30, 17 19 ἔθυσεν 6, 52

θύοντες 30, 18 · θῦσαι 26,8

ἔθυον 30, 17 θύεται 30, 21

ί

ἰᾶσθαι 24,3 ἱερᾶς 6, 52

Ἰατροκλέους 12, 42 ἱερῷ 6,4163

ἰατροί Sf 20 ἱερά 6, 49 17 17 45 51 12, 98
ἰδέαις 2, 4 26, 6 8 30, 20

ι’διά 4, 10 ἱερῶν 2, 7 37 6,- 15 16 24 52 12,
ἴδιον 5,5 31,6 ’ 59 96 99 30, 18 21 25 25

ἰδίας 1, 44 3, 20 9, 7 (τὰς li· ἱεροῖς 6, 25 10, 28 (om. libri) ‘ ἓ-

bri) 22 13, 44 47 [65] 18, 5 11, 10
31, 10 ἱερόσυλος 30, 21
ἰδίᾳ 2, 13 15 44 61 6, 41 47 12, ἱεροφάντου 6, 2 54
23 13, 2 69 14,1 15,4 19,8 Ἱερώνυμος 81123
14 59 21, 16 25,5 10 12 (ἰδία ἱκανός 2,154 17,1 20,3
libri) 25 30,30178,2 ¹ ἱκανή 12, 28
ἰδίαν 1, 47 2, 24 7, 10 31, 27 ἱκανόν 2, 74 3, 10 33 12, 50 15,
ἴδια 16,11 ⁴ 5143
ἰδίων 6, ,41 12,2 13, 48 95 19, ἱκανήν 2, 32 12, 83 22,7 25,5
18 21, 1318 19 30,8 26,17 31,14

ι ἰδίοις 2, 74 27, 12 ἱκανοί 2, 29 25,6

ἰδίαις 7,7Ρ1]233θ ἱκανά 2, 2 7,9 8,9 12, 37
ἰδίους 4,16 12,9328, 13 79 19, 22 36 53 27, 1 29,8
ἰδιώτης 5,315,11 30, 20 22 31 31, 34 34, 1
ἰδιῶται 12, 36 Ph 234ο .

ἰδιωτῶν 29, 11 ἱκανότης S 1211 “
ἰδιώταις 12, 83 17,9 ἱκανῶς 3, 40 9,17 [13, 66 (κοι-
’ ἰδιώτας 16,1817,5 κώς lib1·i)] 14,321,131,34
ἱέρειαι 6, 51 ἱκανώτατον 2, 42

ἱερεῖς 6, 51 ἱκανωτάτην 25, 23

ἱερόν 1, 20 ἱκετεῖαι 2, 39

ἱεροῦ 6,1 ἱκέται 2,11 171

 

