196 τριηραρχίας - τύπτέι

τριηραρχίας 13, 62 19, 25 32,
24 26

τριηραρχίαν 29, 7 (τριήραρχον
libri) 32, 26

τριήραχος 6, 46 12, 42

τριήραχον 29, 3 4

τριηράρχοις 21,9

τριήρους 19, 24

τριήρει 21,5

τριήρη 21,8 11

τριήρεις 2, 32 48 57 19, 20 21
28,4 f 39

τριήρων 14, 36 19, 43

τρίποδος 21,2

τρίς (erat τίσαι) 110

τρισκαιδεκέτης 10,4

τρισμυρίας 19, 43

τρισχιλίους 25, 22 34, 7

τρίτον 13, 68 17, 6 19, 44 24, 6

τρίτῳ 7,10 21,1

τρόπαιον 2, 53 63

τρόπαια 2, 20 25 18,3 34, 10

τρόπος 26,5

τρόπου 7, 2 9, 3 19 12, 19 13,7
16 28 37 91 16, 1 31, 30

ψψηααηυυπυ
9‚1313,44825518182
19, ιι 53 τι υτ, 15 ταν ιο
Ph του

τρόπον 9,1 10,10 19, 60 Ph
232Θ S f 260

τρόπω 20,12

τρόποις 1, 20 9, 18 12, 77 33, 7

τρόπους 6, 48 12, 98 ς

τροφεῖα 2, 70 6, 49 .

τροφήν 32,9

τετρυφηκίναι f 69

τυγχάνω 24, 24 Ρ11231ιι

' ..ιι-...αὶ

τυγχάνεις 12, 14

τυγχάνει 1, 16 3, 24 7, 29 13,1
14, 1 16, 220, 1 36 24, 5
25, 13 26, 15 29, 1

τυγχάνουσήν) 1, 33 3, 37 7,18
16,1122,1923,4ί75,3

τυγχάνῃ Ph 233ο

τυγχάνητε 22, 15

τυγχάνοιμι 16, 17

τυγχάνοι 12, 77 29, 11

τυγχάνειν 1, 2 3 2, 1 9 3,4 18,
127 24, 17 25, 46 13 Ph
2331>

τυγχάνοντας 1413

ἐτύγχανον 3, 29 12, 15 14,14

⁸ ἐτύγχανείν) 3, 31 12, 19 27 64

31, 26 32, 26 f 75, 3
ἐτυγχάνομεν 12, 20
ἐτυγχάνετε 21,10
τετύχηκε ί 19

’ ἔτυχον 2, 81 3, 42 8, 13 9,4

12, 16 13, 53 30,1 27 Ph
232d , ’

ἔτυχείν) 1, 27 8, 3 12, 18 19, 34

ἐτύχετε 12, 34

τύχῃ 24, 20

τύχ σι 27,8

τύχ6μι 24, 23 26

τύχοι 24, 9 f 75, 5

τυχεῖν 1,18 2, 8 9, 21 12, 59
96 13, 53 27,13 31, 10 12
32 f 11 Ph 2310

τυχών 9, 21 24, 27 31, 33

τυχοῦσαι 2,5

τεύξονται 9,12 18, 23

τεύξεσθαι 3, 2 5, 2 10,13

Τυδέα 20, 26

τύπτει 13,71

 

