408

Χιμαίρας 1101

Χίους 14, 36

χιτῶνα 121

χιτωνίσκον 10, 10 11,1)

χλωρόν 26,6

Χολλείδῃ 13, 58 (Χολλίδῃ libri)

χορηγοῦσι 21, 10

χορηγῶν 1312114

ἐχορήγουν 21,4

κεχορήγηκε 19, 51

χορηγῆσαι 19, 29 (δὶς κονηηῆ·
σαιε διαχορηγῆσαι libri) 24,9

χορηγήσαντας 12, 20

χορηγίας 12, 20 19, 51

χορηγός 21 , 1, 4 24,9

χορῷ 21,124

χρῶμαι 24,12 12

χρῆται 13, 82 14, 32 23, 1 24, 5

χρώμεθα 10, 20

χρῆσθε 21,25

χρῶνταιΙ 31, 6

χρῷτο 14

χρῆσθαι1,49 2, 81 4,113 6,8
10 32 54 1, 33 40 10, 13 25
12,1321,1424,111225,
2021 21,631,3432, 1281
283

. χρώμενος 12, 18 18,2 24, 24
115,3

χρώμενοι 14, 12 33,1 1

χρωμένων 8, 20 18, 21 24,12

χρωμένοις 2,11

χρωμένους 8, 20 16, 8 24,16
25, 23 33,ss

ἐρχώμεθα 129

ἐχρῆτο 19, 18 29, 2

κέχρησθε 26,14

κεχρῆσθαι (χρῆσθαι libri) 25, 15

Χιμα1ρας - χρῆνω

κεχρημένος 24,3

κεχρημένη 8 1284

κεχρημένῳ 13, 40

κεχρημένοι 18, 10 25, 11

κεχρημένους 1 1, 2

χρήσεται 14,4

χρήσεσθε 28,16

χρησοίμην 19,16

χρησόμενον 30, 15

ἐχρησάμην 24,2

ἐχρήσατο 11,2 19, 21 110

ἐχρήσαντο 13, 44 118, 3

χρήσωμαι 9,5

χρησαίμην 89

ἔχρησαν (ἐχρήσαντο Xk) 19, 24

χρῆσαι 19, 22

Χρέμων 30, 12 (Κλεοφῶν libri)
14

χρέως 11, 5 (χρέους libri) 1 16,
1 (id.)

χρῆ 1, 34 2, 21 33 10 14 3, 23
36 (χρῆν libri) 5, 4 6, 3 14
1125 32 4244465353 53
1838 38 42 9, 21 21 12,2
31 33 36 58 10 13, 24 82
14, 11 15 20 21 22 26 35 39
4041154889101216,
141821 18,1 20, 30 31 21,
22 22, 2 10 16 11 20 25,8
10131921 23 24 28 26, 5
2421,13141528,21010
16 29,2430,611 11 18 23
32 32 33 34 31, 19 22 32, 18
34, 10 Ph 233(11

χρείη 12, 44

χρῆναι 1, 23 12, 5 36 31 89 13,
18 19, 29 20, 1 23,10 25, 5
18 31 30, 8 34,9

 

