150

...ιη-.-

ταύτης - ταῦτα

[66] 69 70 77 84 85 85 94 ταύτην 1, 2 5 6 16 29 30 34 36

555555555
555555555
555555555
555555555
5555555551
535555551

, 355555555

4
ταὲτης 1, 4 31 31 31 43 6,5

47 2, 45 75 4, 16 17 6,57
13 7,2 12 23 9, 8 10,4 12,4
37 50 13, 21 8614,6816,8
17 21 18, 19 (αὐτήν libri) 23
27 19, 55 21, 13 17 17 19
22, 7 18 24,1’0 25,1 8 13
23 28 26, 2 11 27,1429,4
30,14 34, 3 9 1 16,1 Ρ11
234,2

5555555515553
5555555535515555555

34,511,1
τούτῳ 1, 22 36 2, 32 3,12 15
18 31 31 32 4,7 12 16 20
¹ 6,3 20 31 33 33 35 36 39
41 43 48 53 7,20 23 37 10,3
22 13,6 54 64 [65] 71 79 81
82 14,11 12 23 16,6 20,4
23, 9 11 24, 13 14 21 26,5
11 30, 7 27 31,4 14 2132
32, 3 18 11,4179

555555555
5555555555
555555555
55555555
555555551
555555555
555555553
555555551
555555553
5515 .

ταυτη413 1611231215 5111513229
131244931 144 1,68 18, ταῦτα] 1249 1101 114 1516

222,16236724,2326
1614

τοῦτον 1, 30 31 4, 8 11 12 15
17171,81963222838
7, 191τούτωνΧ51 5511)29
37 38 (τούτῳ libri) 39 10,15
22 30111,3 (τουτονί 1151117
12, 24 13, 38 46 56 59 68
76 79 83 89 90 14, 2 28 31
40 18, 13 20, 30 22,1123,
1124,1171226,81213
14 1530,31617 23313
13 13 19 19 21 22 242931

55555553

555151555155
2,10fflmffl61ffiffiffi
555555555
155555555
555515555
555555555
955555555
555555555
555555555
555555555
515555555
55551555511,
55555ῌ5155
555,155555

 

