Πεισάνδρου - περί

Πεισάνδρου 1,4

Πείσανδρον 12, 66

Πείσων 12,6 1013

Πείσωνι 12, 8, 12

Πείσωνα 12,8

Πελοποννησίων 2, 44 65 18,11

Πελοποννήσου 2,16

Πελοποννήσῳ 2, 68 114

Πελοπόννησον 2, 13 46 6, 6
19,12

πελταστῶν 19, 43

πελτασταῖς 19, 22

πελταστάς 19, 21

πέμπω 12, 16

πέμπειν 13, 82 16,16 19, 19

πέμποντας 1, 26

ἔπεμψαν 13, 80

πέμψαι 19, 20

πέμψαντες 2,1

πεμθεῑσι 12, 31

πενεστάτους 32, 22

πενεστέρους 21, 23 28,4

- πένης 14, 44 20, 11

πένητα 21, 14 16

πένητος 1,4 28, 1

πένητι 19, 16

πένητες 19, 48 21, 26 24, 11
21,9

πενήτων 26, 26 30 21, 9

πένησιν 31,11

πένητας 12, 1 28, 2

πενθεῖν 2,18

πενθοῦντες 2,2

ἐπένθησε 2, 66

πενθῆσαι 2, 60

πενθοῦνται 2, 80

πένθος 2,13 32, 11

πενίας 2, 33 1, 14 24,9

Index Lysincus. Ηολιιιυε.

πενίαν 22,13

πένεσθαι (γένεσθαι libri) 12,6

πενόμενον 8,1

πενομένους 24, 16

πεντάκις 25,12

πεντακισχιλίων (τριακοσίων Xk:
τρισχιλίων vulgo) 30, 8 32,
21

πεντακισχιλίοις 20, 13 16

πεντακισχιλίους 19, 39

πεντακισχιλίας 19, 42 21, 2
32,8

. πεντακόσιοι 29,12

πεντακοσίων 13, 86

πεντακοσίας 10,12

πεντακοσιομέδιμνον S f 201

πεντακοσιοστός 26,11

πέντε 1, 22 1, 9 10, 16 12, 43
16,4 11, 1 19, 29 42 62 32,
6 13 20 21 128

πεντεκαίδεκα 19, 43 21, 4 6

ιωμωπωαπωω
46 68 22, 6 6 32, 24 21

πέρ 8,19 12, 40 13, 12 11, 3·
20, 16 30, 28 32, 21

περαίνοιμι 19,8

περαίνοιτε 8,8

πέρας 9,11 12, 88 1102
περίίορτα.) 1111112314

ωωωωωωωωω
ναποαωωωωα
ωωωυωωωαω
ιωωωωππωω
ωωωνωωωαω
εΜΜΜαΗνωω
ιωυιειειιιαιτοα
εωωωααωαω
ωωωαπωεωω
11

 

