140 ὁπλιτεύων - ὀφθήσεσθαι ·

-ῄ

ὁπλιτεύων 20, 25 ἄν) 13, 93; c. ορὸ, 6, 39 12,
ὁπλιτεύσαντες 14,10 44 13, 19 32; c. ιἰιὸ. fut„ 1, ‚
ὅπλα 10,1232511,812,40 213,416,3412,445063 ·
95 13, 12 80 81 19,2131,14 63 21, 20 24, 10 28, 7 30, 23
34, 8 31, 17 17 26 34,3 (οὕτως 11-
ὁπλων 12, 95 19, 43 11101752, σ. ind. αον, 19,
ὁπόθεν 8,723,2 · 31 30, 26 ¹
ὅποι 24, 20 32, 20 25 ὅπως (quest. obliq.) 5, '1 8, 5
(ὁποῖος 31,4 10,1313,4114,44619,1
ὁποίαν 30, 4 25, 10 26,13 19
ὁποῖός τις 14, 17 31,20 ὁρῶ 10,1 12,64 16,8 28,9
ὁποῖόν τι 23, 9 31, 32 34, 7
ιποιοι τινες 1, 13 ναν 34 25, ωομεν 20, 34 ναι
2926,1731,34 ὁρᾶτε 16,1219,220,321,13
ὁποῖοι...τινες 26,17 24, 1425, 34 28,230, 33
ὁποιαντινοῦν 13, 11 31, 12 170
ἂιὸσον 10, 18 ὁρώσι(ν) 1,47 2, 74 14, 13 22, 14
ὁπόσῳ 10, 18 ὁρᾷν 6, 50 7,18
ὁπόσοι 6, 44 11, 3 (ὁποῖοι libri) ὁρών 3, 2 6, 20 12, 23 13, 51
12,4914,530,13 16,212119,1330,2231,
ὁπόσους 12, 60 10 33, 3
ὁποσουτινοσοῦν 22,15 ὁρῶντες 1, 47 2, 37 6, 32 13,
ὁπόταν 27, 2 (ὁπότε ἂν libri) 15 23 31 , 25 32, 18
35 13 30, 7 ὁρώντων 14, 25
=· ὁπότε 1,93,116,122312,34 ἑώρων 8,712,76 16,13 19,
638822,1627,1129 6229,631,9
ὁπότερος 178, 3 ἑώρα 12, 66 24, 12
ὁπότερον 1, 18 32, 23 ἑωρᾶτε 18, 20 25, 20 22
ὁποτέρου f 4 ἑώρακα 11,7
ὁποτέρῳ 26, 24 ἑωράκατε 12, 100
ὁπότεροι 12, 51 ἑωρακώς 1, 45 10, 22
ὁποτέρων 1, 33 ἑωρακυῖα 1,12
ὁποτέροις 22,17 ὁρᾶται 26,3
ὁποτέρως 26,5 ὁρώμεναι 3,6
ὅπου 3, 38 12, 39 39 13, 8627, ὄψεσθε 16, 11
15 31 , 9 32, 13 ὀψόμενοι 33,2
ὀπώραν (ὁώρα libri) f 72 ὀφθήσεσθε 12, 90
ὁπως (μή) c. οοιιρῖ, 1, 29 6, 4 (c. ὀφθήσεσθαι 3, 34

 

