114 κλαῖον - κεκομίσθαι

.-,..-

κλαῑον 1,12 κοινῇ 4,1 13, 2 11 24, 22 31,9
κλαίοντες 21, 12 32, 10 32 14
κλεῖδας 81239 κοινήν 2, 44 62 33, 6 Ph 232¹>
κλεῖν 1,13 κοινοί 1,1
mmmm 25,25 κοινά 25, 19 30, 23 31,34
Κλειτοδίκου 8,13 κοινῶν 13, 48 95 16, 11 19,18
Ηειτοφῶταα 126 56 26,2
κλέος 2,5 κοινοῖς 30,11
λῦκοφῶν 13, 8 30, 10 κοιναῖς 2,14
Κλεοφῶντος 30,12 12 κοινούς 15,1
Κλεοφῶντι 13,1 κοινάς 2,10 18 19, 62 24, 22
Κλεοφώντα 13, 12 19, 48 30, κοινότατοι 22,19
13 ἐκοινώνουν 32,4
κλέπτου 10,11 κεκοινωνημένοι 81320 .
κλέπταις 29,11 κοινωνίαν 81260 ’
κλέπτας 1, 36 κόλακας 28,4
, κλέπτουσιίν) 21,11 28,3 29,13 κολασταί 21,3
κλέπτωσί 21,3 κολάζει 6, 20
κλέπτειν 21, 6 28, 11 30, 23 κολάζετε 14, 12
κλέπτοντι 29, 11 κολάζητε 6, 43 21, 5 30, 24
κλεπτόντων 21, 11 κολάζειν 6, 44 22, 20
ἔκλεπτον 25,19 κολάζοντες 2,19
κεκλεῖσθαι 22, 14 ἐκόλαζον 12, 41
κληρονόμον 32, 23 ’ ἐκολάζετε 28,3
κλήρων 132 κολάσετε 31, 29
κληροῦσθαι 24, 13 13 ἐκόλασεν 2,16
κληρωσόμενος 6, 4 31 , 33 κολάσαι 6, 42 30, 6
κλίνῃ 1, 24 4,9 115,6 κολάσασιν 6,13
κλίμακος 1,9 κολάζεσθαι 12, 36
κλίσιον 12, 18 κεκολάκευκεν 6,6
κλοπῇ 30, 25 Κολλυτοῦ (Κολαττοῦ libri) 32, 14
κνημίαν (erat κνημίδα) 195 κολυβιστής 81149
κοινούμενοι 12, 93 κόμην 81 144

κοινός 2, 11 ἐκόμισα 21 , 9 11

κοινή 4,10 16 ἐκόμισαν 115,6

’κοινόν 5,5 16, 18 31,6 1 34,1 κομίζεσθαι 2,1
153,4 81296 Ῑκομιζόμενος 29,6

κοινῆς 2,9 ' κεκομίσθαι 3, 25

 

