6 αἰσθάνεσθαι -·

’ αἰσθάνεσθαι 25, 23 f 5
ᾐσθανόμην 30,15

ᾐσθήμεθα f 15, 2

ᾐσθησθε (εἴσεσθε libri) 14, 43
αἰσθήσονται 14,13 .
αἰσθήσεσθαι 13, 19

ᾐσθόμην 1,41 16, 20
ᾔσθετο 3, 20

αἴσθωνται 26,12 ’
αἰσθόμενος 3,11 9,4 12, 10
αἰσθόμενοι 131641
Αἴσιμος 13, 80 81 82
Αἰσίμου 13, 81
Αἰσχίνην 11,12
αἴσχιστον 32,1
αἰσχίστου 2, 53
αἰσχίστῳ 13, 45 ·
αἴσχιστα 6, 23
αἰσχίσταις 1, 41
αἰσχίστας 19, 10 “
αἴσχιον 15,3 ,

’ . αἰσχροκέρδειαν 12, 19

αἰσχρόν 3,11 5,1 1,15 8,6
6 10,3 12, 22 84 16,13
1815 21,1125 22,4 34,
Ι1115311184

αἰσχροῦ 21, 18

αἰσχράν 13,62 16,1211,1

[αἰσχρά] 13,’65

αἰσχρῶν 12, 18 33,9 190

αἰσχραῖς 6,44 ’

αἰσχράς 10, 26 21,18

αἰοχρῶς21,24 26,9 32,3 33,3

Αἰσχυλίδης 12, 48

αἰσχύνη 21,2

αἰσχύνης 1,15

αἰσχύνη 1,32

ᾔσχυνε 1,4

αἰτιάσαισθε

.-..-

αἴσχύνῄ 10,14 32,11
αἰσχύνεται 4,9 14, 39
αἰσχύνονται 25, 34
αἰσχύνεσθαι 3,6 14,242 33,6
αἰσχυνόμενος 3, 3 9
αἰσχυνόμενοι2, 23 25 62Ρίι234ἃ

,αἰσχυνομένων 2,11

αἰσχυνομένους 3,13
ᾐσχύνου 32,13
ᾐσχύνοντο 123
αἰσχυνθείς 24,10
αἰτοῦντι 19,12

αἰτοῦσιν 12,18 ·
, . ᾐτει 20,19
αἰτοῦμαι 3,4 15,1

αἰτούμενοι 14, 22

ᾐτημένους 24, 12

αἰτήσομαι 19,2

αἰτήσονται 12, 86 21, 13

αἰτησομένων 30, 33

ᾐτήσατο 12, 59

αἰτησάμενος 19, 21

αἰτείσθυι 198 ’

αἰτία 1,1 13, 83

αἰτίας 4,4 1,,811 8,4 9,1
19, 26 16,9 22,4165,

αἰτίᾳ 4,13 6, 25 10, 22 13,54
19,6 ’

αιτιαν ητα ην αν ο, 13 ι, ,

2 9,13 10,2811,10 12,11
2851 136215 1821122,
818 24, 12 25, 3
αἰτίαις 5,2 6,44 1,141 21,25
αἰτιᾶσθαι 6, 25 Ph 232¹³
αἰτιώμενος 4,6
ᾐτιᾶτο 1,11 10,2
ᾐτιάσατο 1, 40
αἰτιάσαισθε(αἰτιᾶσθείίίιτί)19,44

 

