λυπῆσαι - μανθάνειν

μ--υ- ---·--——-·- ——--—-—-

λυπῆσαι 2,14 λυσιτελεῖν 13, 21
λυπούμενον 1,11 λυσιτελοῦντα 21, 12
λυπουμένῳ 6, 32 ἐλυσιτέλησε1ν) 25, 25 21
λυπηθείην 9, 20 λύχνον 1,14

λύπης 2,14 122 λυχνοῦχον 183

λύπην Ph 2332 λύειν 6, 41

λύπας 2,10 λύσει 4,13

Λύσανδρος 12,14 13, 34 λύσητε 6, 31

Λυσάνδρου 12, 11 12 λύσαι 115, 6

Λυσάνδρῳ 12, 74 14, 38 λύσεσθαι 1926 (λύσασθαι libri)
Λύσανδρον 12, 59 26, 24 ’
Λυσίθεος 10, 1 153,2 ἐλύσατο 14, 21 19, 59
Λυσιμάχην 3,11 λυσαμένους 12, 20
Λυσίμαχον 3, ιν 1 ιιιοη αριστ
Λυσιμένης 134 ἐλωβήσαντο 26, 9, Ι
λύσιν 4,13 λωποδύτης 10,10
λυσιτελεῖ 19, 61 1 λωποδύτην 11,5 13, 68

μ

μά 6,13238 8,18 2826,1530,1231,111122
μάζης 6, 2 33, 1 Ph 231c Ph 233(111
μαθητήν 1 l, 2 2 μᾶλλον 1, 26 41 2, 45 12 12 23
μαῖαι S 120 256216 3, 9 4, 1415 5,4
μαινοίμην 21, 22 ” 6[11]111118301,21226
μακαρίζω 2, 81 21 33 35 31 3838 8, 4 15 9,
μακρόν 14, 28 20 10, 29 12, 32 33 13, 21 28
μακρύι 13, 14 60 92 14,9 15 21 38 45 4115,
μακρῶν 13,814 916, 5 11, 12 18, 59 18 23
μακρότερον 22,1 21 19, 18315461 61 20, 11
μακροτέρας 24, 10 23 32 21 , 1515232422, 18
μαλακίας 10, 11 20 21 23, 5 12 15 24, 1 1 9 .
μάλης 154 141919 25, 1122322619
μάλιστα 2, 1 3, 3 23 31 34 44 4, 28, 13 29, 41 8 12 30, 19 31
161,13912,585913,620 3331,399223032,2519
5214,132316,1511,918, 11,5153,3118,4Ρ1]231(1
11 16 11 19, 6 53 20, 12 22 Ph 232α Ph 233b
22, 1 10 1523, 524, 16 25,3 μανθάνειν 30, 18

 

