τύπτειν- ὑμεῖς

-ι-ι-ιι

τύπτειν 3, 8 11,4 τυράννοις 6, 48 26, 22

τύπτων 3, 23 τυράννους 33, 2 6

τυπτόντων 3,18 τυρόν 23,6 7

ἔτυπτον 3, 17 37 38 τύχη 13, 63 18, 22 24, 22
ἔτυπτες 10, 8 τύχης 2, 10 12, 80 21, 10 30, 18
ἔτυπτε(νὶ 3, 29 45 13, 91 τύχῃ 2, 79 10, 25 24,6 34, 2
τυπτόμενος 3, 27 τύχην 5,5 24, 10 33,4
τύραννος 2, 57 6, 30 33, 5 τύχαι 3, 2

τύραννοι 2, 59 12, 35 τύχαις 18, 5 10 153, 2 1 78, 3
τυράννων 33, 3 τύχας 2,10 24, 22

U

Ὑβάόαι S 1208 ὑγιεῖ 9, 4
ὑβρίζει 1, 25 ὑγιᾶ 6,12
ὑβρίζοι 2Ο,3 ὕδωρ 23,4 8 11 1415
ὑβρίζειν 3, 268, 514, 29 235 οἷός 14,3018,619,36130
2416181144 υἱοὺ 14,17
ριζιυν, 1163, 523 υἱέος 14,1619,14

6911οντῇ 1,0 261 υἱεῖ 19, 12 17 (υἱῷ libri) 36 40
βρίζοντας 2,14 33, 2 47

“ριζεν 1426 υἱόν 23,5631,21

’ρισεν 1, 4 υἱέε 19, 46

ιριζομένοις 24, 18 υἱοί 32,4

“ρίζοντο 12, 98 υἱεῖς 12, 34 83 18, 27 20, 36

(ρισμένος 3, 40 Ph 233(ἰ

ρισμένων 3, 7 υἱοῖς 143

ρισμένους 32,10 υἱέσι 12, 92

ιρισθείην 3, 34 υἱούς 17, 311, 5

ρισθῆναι 21, 12 ὑμεῖς, 12,93 43 43 47 6,13
ὑβρισθέντα 3,17 13 1624 29 3336363840
ὕβρεως 3,7 7,]324,1830,5 42 43 52 5ο 7, 40 8,99
ὕβριν 1,224,1133,8 19 9, 19 10,422 30 3011, -
ὑβριστής 241525 1 7 11 11 12, 3047 57 57
ὑβρισταῖς 24, 15 60 69 72 73 8289 90 93 94
ὑβριστικῶς 153, 3 99 13, 4 8 10 36 56 [65] 68
ὑγιαίνοντος 24, 13 92 93 96 96 14, 4 19 43 47
ύγίαινεν 129 51,1116,182117,41,815

 

