138

3313 13, 8 10 12 25 ναι
131311 1331333333

. ιι 3ο, 13

ὀλιγαρχίαν 12, 42 13, 12 25,9
28, 1 11

ὀλιγαρχίαις 34,4

ὀλιγαρχικός 25,8

ὀλιγαρχικούς 25, 11 26, 15

ὀλίγον 3,12 19, 60 111234α

ὀλίγου 2,1 14,11 18, 20

’ ὀλίγῳ 2,241,416,16

ὀλίγην 19, 11 Ρ11233ο

ὀλίγοι 2, 24 12, 15 20, 26

ὀλίγα 12, 92 14, 25 19, 21 28
6162 21, 13 26,1 31,18

ὀλίγων 2,1 24 41 18, 9 25, 19

. 26, 19 21, 14 34,9 Ρ11231(1

ὀλίγοις 2, 56

ὀλίγους 15,9

ὀλίγας 2, 3140 20, 5 28, 2

ὀλιγώρως 1,3 9,11 26,9

ὁλκάδα 32, 25

ὅλη 28, 10

ὀλον 6, 12 32, 21

ὅλῳ 14,1

ὅλῃ 159

ὅλην 31, 26 ·

ὅλα 13,14

ὀλοφυροῦνται 29,4

ὀλοφύρηται 20, 34

ὀλοφύρεσθαι 2,11 1181

ὠλοφύραντο 2, 31

ὀλοφύρασθαι 2, 61

Ὀλυμπίων 13, 95 19, 34 54

ὅμηρα 12, 68

ὁμιλεῖτε 8,8

ὁμιλίαν 8, 6 1

ὤμνυον S f 151

ὀλιγαρχίαν - ὁμολογούντων

ὤμνυε 19, 26

ὤμνυτε 25, 21

ὀμωμόκατε 10, 32 15, 8 18, 13
22, 1

ὀμωμοκέναι 13, 21

ὀμωμοκότας 15, 10

ὤμοσα 31,2

ὤμοσείν) 12, 10 20, 14

ὠμόσατε 14, 40 26, 8

ὤμοσαν 13, 90

ὀμόσαι 20, 14 32, 13

ὀμόσας 31,1

ὀμόσαντα (ὀμόσαι libri) 10, 11

ὀμόσαντες 9,15

ὁμογνώμονας 28, 11

ὅμοιον 9,1

ὁμοίας 2, 5 20,1

ὁμοίαν 6,14

ὅμοιοι 14, 21

ὅμοιαι 14, 19

ὅμοια 2, 20 6, 38 12, 14 13, 21
f 34

ὁμοίων 14, 34 24, 21

ὁμοίως 1, 15 2, 15 4, 12 161,
101111,512,152013,92
24,11121252625,131,1
25 25 Ph 234Μ

ὁμολογῶ 12, 34

ὁμολογεῖς 22,5

ὁμολογεῖ 6, 14 13, 33 88 22,1

ὁμολογοῦμεν 4,15

ὁμολογεῖτε 13, 92 93

ὁμολογούσηνγ 1, 28 12, 36 Ph
231⁶

ὁμολογεῖν 13, 85 16,10 20, 12

ὁμολογῶν 6,14

ὁμολογούντων 6,14 (ὁμολογου-
μένων libri) 16,6 22, 11

 

