ἐξεγένετο - ἐκείνοις 71

ἐξεγένετο 26 7, 37

ἐκδίδωσιν 328

ἐξέδωκα 16, 10 134

ἐκδοῦναι 212 12

ἐκδίδοσθαι 12, 21

ἐκδεδομένα 326

ἐξεδίκασαν 125

ἐκδεδύσθαι 10, 10

ἐκεῖ 13, 11 17 24 (ἐκεῖ ἦσαν;
ἐκίνησαν X: ἐκάθισαν G) 32
80 19, 36 44 20, 14 26 27
21,10 23,15 (om. libri) 29,
13

ἐκεῖθεν 6, 29 13, 67

ἐκεῖνος 1,1ἕ) 22 27 40 3,5 1217
8,99913151246979
13,1157617391 14, 35
16,6 17,2 18,2 19,1419
35 23,6 29,2 321316 33,
23110174

κάκεῖνος 1, 25 42 8, 3 15

ἐκείνη 1,13141720 4,15 13,
40 31, 21

κάκείνη 1,19

ἐκεῖνο 3,46 10, 22 19, 2628
15 Ph 234b

κάκεῖνο 26,9

ἐκείνου 1,20 29 3,19 7,4 9,
14 10, 27 28 121518 14,
172731 17,1 1242619,

’ 132434343844505055
28,5 29,711 3271522

ἐκείνης 2, 58 13, 20 20 14, 28
32518

ἐκείνῳ 1,4 2131857 7,727
10,1411 12, 62 (ἐκείνοις
libri) 646477 13, 12 57 91
14, 17 19, 18 23 52 23,6

25,1216 29,4 30,7 31,27
321124 26 178,2

κάκείνῳ 11, 12 14, 26

ἐκείνη 1,66172337404245
247 121273

ἐκεῖνον 1,38 40 3, 13 17 37 8,
9912 1212166474 13,
1057 5859 14,1617 16,10
18,1010 19, 62 21, 10 26,
515 28,4 225 30,1212

κάκεῖνον 26, 15

ἐκείνην 1,4 4,2 10, 24 25 32,
10

ἐκείνοι 2, 40 42 66 75 75 4, 15
0,14 1227 57 88 13, 18 34
47 53 61 92 93 94 95 96 96
14, 19 16,5 20, 21 25,18
3131 30, 25 3⁴1,6Ph231ae

κάκεῖνοι 26, 13

ἐκεῖναι 26

ἐκεῖνα 8,9 12, 50 85 21, 17

ἐκείνων 212 2048495261
646869 3, 42 4,13 6, 20

κιο 8,9 ιν,ιοιιιοοοιι ·

(ἐκείνους libri) 77 13, 2 26
33 33 52 53 92 93 93 94 95
15,11 17,6 18, 26 1237
49 20,921 2216 24, 25
25,9 26,3 28,13 30,418
31,1419 328 34,9 1523
Ph 232dd Ph 233b

κάκείνων 23 24, 20

τάκείνων 19, 33

ἐκείνοις 1,33 22 10224569
6,11 7,16 1231546070
13, 18 21 27 28 46 53 54 61
929394 16,77 19, 13 20,
588 21,24 25251930

 

