ἐπηρεάζετο - ἐπιβουλήν 83

ἐπηρεάζετο 29,1 21 21,1 22,111121 23,2
ἕτιί (ἐπ’ἐφ’1ι.βινι.1,30 2,11 324511 111212 26,611
3,,116 21 (libri ἐπεὶ vel ἐπ’ 28,]431,63132,133,8
εἲ vel ἐπειδὴ1 29 (εἰς 115111 34,10 (1111111 οιιι. scheib.)
45521,91 1,2110151 119 11,44116,1125140141
(υπ 1111111 12 42 6598 13,2 166115,3Ρ11233θ

20 36 313850 52 10141 16, ἐπιβαίνειν 6,15

311, 3 18, 22 19, 24 28 21,1 ἐπιβάλλειν 15, 5

1223468 2299 (δ’ ἐπὶ ἐπιβάλλοντες 20,14

τῆσδε : ἐπίτηδες X: ἐξεπίτη- ἐπιβαλλόντων 30,3

δες 01 24,111 1225 25,14 ἐπιβαλόντες 9,6
(1155·01118011515.) 21 26,10 ἐπιβάτης 6, 46

3, 914 32, 5 34,4 ε’τιιβλῆτας811 115

mla 1,162130313131ἒπιβολῆςβουληςπιβ 11611162
31,13233362112601411 ἐπιβολήν9, 11
803,21294,13131315 επιβολας 201,4303

20 5, 2 6, 319 22 2531143 ἒπιβουλεύουσι(ν11, 144,,131122
44511,1,,6414289994 52419

510,18 12, 1624242633 ἐπιβουλεύετε 2, 80 Ι, -
4141481511 13,820(05x ιιι οιιειειι 1148 νο, 9 νε ’ ’
ἐπ’ ι οὐκέτι libri) 20 30 40 46 11 21 24, 21

5411 (ο.αιο.111ι11119(ο.ιιιι ἐπι ουλευων 3, 2934 13, 9
libri) 8285 85 85858681 ἐπιουλεύοντα 28,8

81 8188 14, 2 (ἐπ’ ἐνίοις. ἐπι ουλεύοντες 5, 2 13, 1211
ἐπινικίοις 11111111 1335 42 42 9, 3

1,511 18,11,0196252 1,5 επβουλευοντων 184
16112225 22,5111313 ἐιβουλεύοντας 28,6 ,
1611161123,109 24 25 ἐπεβούλευον 1, 40,3 33 13,6
25, 19 28, 214 29, 11 30, ἐπιβεβουλευκώς 1,3

32525 31,932, 1121 ἐπεβούλευσα 10,511,2

f 11 Ρ112321 ἐπεβούλευσαν 13, 11 ,
οᾏαοολ,8212,45181022 ἐπιβουλεύσας3, 1,5221426
30 32 64 64 3, 6111223 28ἐπέιβουλεύσαντα 30,9

29 29 32 42 6, 28,1510, ἐπιβουλεύσαντες 3, 42 201

30 12, 544 55 81 88 13, 58ἐ ἐπεβουλεύεσθεΙ 1,244
1423243131581111 [18] ἐπιβουλευθῆνα141 , 10

82 14, 1030 30 30 32 33 16, ἐπιβουλευθείς 3, 39
131618,91819 2219,6 ἐπιβουλήν 13,11 31,11

 

