38 βλάβης -

βλάβης 73
βλάβῃ 12, 24 48 Ph 2320

βλάβην 1, 32 32 10, 19 (δούλην
libri) Ph 2320 Ph 234⁰

βλάπτει 16,18

βλάπτειν 8,9 9,16

βλάψειν 9,16

ἔβλαψα 9,14

ἔβλαψεν 13,2

ἔβλαψαν 30, 25

βλάπτεσθαι 20, 12

βοᾷ 1,10Ι

βοῶντα 3,15

ἐβόα 1,11

βοηθεῖτε 8,16 ’

βοηθοῦσι 20,17

βοηθῶσιν 14,2112

βοηθῶν 8,315

βοηθοῦντες 5, 4 14, 22

βοηθούντας1 14,123 151

βοηθεῑν2,1 147,3881811, 2
12,8815,4 61,1311,8 27
1916430 33 31181832
32, 3 797

ἐβοήθουν 20, 17 22 3

ἐβοήθει 31,8

βεβοηθηκέναι 287

βοηθήσουσι 1616

βοηθήσοντες2, 221 1285 15,ε9
18,12

ἐβοήθησαν 2, 3046 31, 29

βοηθήσητεῙ 1,032 12, 80

βοηθήσατε11, 712 12, 99

βοηθῆσαι 2, 23 5, 10 428
18,10222529,831, 1532
32, 10 778,4

βοηθήσαντες 2,66 67 340757

βοήθειαν 19, 21

βουλευσώμεθα

- βοηθός 753,1

βοηθούς 2, 75

βοηλάτης 7,19

Βόύννον (βοθύνοις libri) 733

Βοιωτίαν 16, 16

Βοιωτῶν 12, 58

Βοιωτοῖς 20,4 26, 23

Βοιωτούς 16, 13 30, 22

βουκεφάλια 734

βουλεύματα 2, 64

βουλεύμασι 2, 40

βουλευταί 13, 24 26, 21

βουλευτῶν 13, 23

βουλευτήριον 13, 38 20, 1 1414
16 31,1 (δικαστήριον libri)

βουλευτηρίῳ 6,9 12, 25 19, 55
20, 14

βουλεύουσιν 30, 23

βουλεύειν 26, 11 30, 10 31,2
514 24 26 32 34

βουλεύων 30, 10

βουλεύουσα 13, 20 74 30, 22

[βουλεύουσαν] 13, 19

βουλεύοντας 16,8

ἐβούλευον 13, 20

βεβουλευκώς 26, 10

βουλεύσων 26, 10

ἐβούλευσεν 26, 11 ·
ἐβούλευσαν 3, 42

βουλεύσαι31,

βουλεύσαντα 25, 14

βουλεύεσθε 294 26 24 281 16

βουλευόμενοι] 12,75 1,818

βουλεύεσθαι 2, 46 25, 23 26,
2331,32 34, 9 748

,ἐβουλεύοντο 2, 53 1,324

βεβουλεῦσθαι21, 112

βουλευσώμεθα7 16,2

 

