ψσηααηαααρμαυααησ
6,712,8916,1111,41 ῥήτωρ 2,5412,’ί231,21’
19, Ι13 18 24 21 53 23, 12 ῥήτορι 13, 12
[24,11] 25, 16 26, 15 31, 20 ῥήτορες 18,16
Ph 2310 ῥητόρων 22, 2 30, 22

’ ῥᾳδίαν 12, 34 ἐρριφέναι 1091221

ῥᾴδια 19,2 ἔρριψαν) 13, 81 82

ῥᾳδίως 1, 39 2, 21 65 3, 21 4, ῥῖψαι 10,991211,561
14189,1212,4113,136 ῥίψας 3,12’ ’
11,1 18,1519,11 495120, ῥῖψαν 3, 35
923,13 25, 31 26,11 27,2 ῥίψασπιν 11,5
32,2511,1 ῥόπτρου 6,1

ῥᾳῦυμίας 10,11 ῥώμης 2, 80 24, 5

Ῥαμνοῦντι 19, 28 ῥώμαις 24, 16

ῥᾷστα 13,4 ἔρρωτο 13, 31

ῥᾳστώνην 13, 85 24, 10 = ἐρρωμένῳ 241

, σ

Σαλαμῖνος 13,44 ’ 1 σαυτῷ Ρ112319
Σαλαμῖνι 2, 35 σειρά 81 236
Σαλαμῖνα 2, 34 12, 52 σεμνοῦ 16,15
σάλῳ 6, 49 σεμνόν 3,1 1 14
Σάμου 12,’11 σεμνούς 11,2
σανιδίου 16,6 ¹ σεμνοτάτῳ 6,14
σανίσιν 26,10 Σεύθης 81 120
Σάτυρος 30,1012 14 Σεύθου 28,5
, Σάτυρον 16,4 σηκός 7,528 42 ,
Σατύρων 134 σηκοῦ 1,14
ommmmffl omwstmnumww'
σαφέστατα 24,9 σεσημασμένα 32,ῖ ·
σαφῶς 4, 4 9, 2 19, 39 24, 15 σημεῖον 2, 14 28 4, 12
25, 1 31, 16 σημεῖα 8, 9
σεαυτοῦ 12, 14 Ph 232(1 Σηράγγιον 8 1 11
σαυτοῦ 13, 21 593051 16,1 Σθένελος 8183
12 σιγᾷν 12, 13

 

