106 καίπερ - κακώσας

καίπερ 2, 16 6, 11 (καί libri) κακονοοῦντες 29,10

καιρός 6, 42 12,71 79 33,8 f 68 κακονοίας 22, 16

καιρῷ 3,12 13,44 18,5 30,14 κακόνοι 12, 49 18,8 20, 20
31, 17 27 κακόνουν 25, 7

καιρόν 8,1 13,6 16,5 κακονούστατος 7, 28

καιρῶν 19, 24 κακονούστατον 12, 59 Ι

καιροῖς 2, 3 22,15 κακονούστατοι 7, 35

καίτοι 1, 31 40 2, 42 3, 22 24 κακοπαθεῖν 6, 28
2536 4,6 5,46,10121314 κακός 8,9 20, 23 31, 12
22 28 31 33 47 (κα1111111) 7,8 κακόν 1, 18 19 443, 1427 36 4,
11 20222632 33 8,1410, 19 6,7 7 7,27 40 8,17 10,
12 14 (καίτοι libri: καί μοι 21 11,7 12, 22 50 75 13,25
Scheib.) 11,6 7 (καὶ libri) 263145 51 84 14,37 4420,
12,31 47 48 57 63 88 89 13, 148 28 21,,21 2124,725,5
22 26 29 53 57 72 77 14, 8 11 18 21 30, 13 31, 24 (ἀγα-
19263135 15,6 16,5 7 11 θόν Xk)
1218 17,4 188 12 19 19,9 κακοῦ 3, 47 13, 30 36 18,9 22,
17 20, 11 11 12 13 16 27 34 13 Ph 2341)
21, 7 8 22, 13 16 18 23,15 κακῷ 21, 22
24,2121325,13141627,3 κακοί 20, 16 34 31,30
51011 15 28, 2 1015 29,2 κακά 2,2 3,5 12, 33 41 49 57 ’
47 30,18 21 (κα1111111) 25 27 57 89 13, 11 52 52 [65] 75
31,22 26 34 32, 13 23 25 27 7514,1018,221,824,8
34,216144 25,613

καίτοιγε 1, 42 8,11 26,1631, κακῶν 1,7 15 2, 27 36 39 3,20
10 (καὶ γὰρ libri) 5, 2 3 4 6,6 20 35 36 43 47

καιομένην 33, 7 48 7,6 35 ’12, 45 64 78 85 96

καιομένων 2, 37 13, 33 48 14, 16 24 30 35 46

κακηγορίας 10, 2 12 22 23 31 10, 19 18,2 17 24, 22 25,12
11,612 16 25 31 35 26, 13 32,11 Ph

κακίας 10, 28 11, 10 12, 67 231b 233(1
14,2 34,11 κακοῖς 1,18 12, 47 14, 42

κακίᾳ 258 65 κακούς 2,19 31 , 25 30

κακίαν 9, 20 19,15 31,4 κακοτεχνίου 81317

κάκιστον 6, 2 κακουργεῖ 185

κάκιον 12, 80 19, 15 κακοῦργον 13, 78

κακοδαιμονιοτάς 153,2 κακῶσαι 8, 16

κακολογεῖν 8,5 κακώσας 13, 91

 

