κακῶς -— κατά

-a-—u--w———o--w--vu- ——··--—--·- ----- ⁸-

κακῶς 2, 46 3, 20 6,15 7, 40 Καλλιστράτῳ 7,9
8,2336141414151617 κάλλιον 1,48 12, 52 34,6
1919192020 {1142020 κακός 348
10,11 (καλῶς libri) 13 13 26 καλόν 8,6 8 24,18
28 11,9 12, 35 45 58 75 84 καλήν 10, 24 18,13
13, 92 14,215 35 36 37 45 καλοί 12, 86 30, 14
15,1016,1 2 8 18,19 20,16 καλά 2,2 20 18, 3
24323224,2525,19 3128, Ικαλῶν 2,7033,1190 , ,
14 29,2 30, 12 30 34,12 καλοῖς 14, 42
153,3175,5 Ph 231111 Ph καλάς 26,3
2341) Καλυδώνιος 13, 71

κακώσεως 13, 91 81107 καλῶς 1, 22 39 2, 20 8,11 12,

καλῶ 20, 26 ’83 13, 88 20,5527 243

‘ καλεῖ 1ν,1ονοτ 28‚832,1734,91>1231d

καλῇ (καλέσῃ libri) 11,4 κάμνοντα 8,10

κάλει 12,47 13, [66] 79 81 17 ,2 κάμνοντες 14,14
39 19, 23 41 59 31,16 19 καμεῖν 1534

κάλεσον 21,10 κάμψαντι 161

καλέσας 12, 14 32,59 καπηλείου 1,24 ,

καλέσαντος 4, 11 καπηλεῖα 11,3

καλεῖται 10, 16 καπήλου 11,5

καλούμενον 13,19 > κάπηλον 11,4

καλουμένων 12, 43 κάπηλοι 1 1, 3

κεκλημένον 166 καπήλων 22, 21

καλήμῃ 1 77 κάπτομεν 175, 4

Κάλλαισχρον 12, 66 Καριάεάς (Καριεύς libri) 13, 54

Καλλιάδης 30,14 Καρκίνος 168

Καλλίας 5,1 19, 48 καρκίνον 158

Καλλίᾳ 5,13 καρποῦ 127

Καλλικράτους 9,5 καρπούς 7,2

κάλλιστον 2, 79 13,6 καρπωσαμένους 25, 25

καλλίστου 2, 53 κατά (κατ’ καθ’) ο. μιν. 1,9 28

καλλίστης 2, 53 3, 34 6, 23 23 8,413,218

καλλίστῳ 12,7833,2 9418,322,731,232,13

καλλίστην 2,4712,6 α.αοο.1,4992,28313240

κάλλιστα 2,4218,7 44 49 2,543,22 4,1116,4

καλλίστων 2,55 79 24,23 10 15 26 51 7, 25 8, 17 19.

καλλίστοις 2, 65 9, 19 19 11,8 12, 20 36 82

 

