Ἀριστογείτονος- ἄρχουσι 29

Ἀριστογείτονος 112

Ἀριστογείτονι 11, 1 112

Ἀριστόδικος 23,13

Ἀριστοδίκου 32, 24

Ἀριστόδικον 23, 1415 32, 26

Ἀριστοκράτους 12, 66

Ἀριστοκρίτου 3,8

ἀριστος 21,10

ἄριστον 10, 24 19,1

ἄριστοι 25, 31

ἄριστα 14, 46 20,25 10 20 21,
67 23,13 Ph 231²

ἀρίστων 12, 94

ἀρίστους 18, 26 19, 53

Ἀριστοφάνης 19, 7 18182226
27 42

’Ἀριστοφάνους 19, 8 32 38 44

Ἀριστοφάνει 13, 58 60 19, 15

[Ἀριστοφάνην] 19, 25

Ἀριστοφῶν 145

ἀρκεῖ 6, 44

ἀρκτεῦσαι 8 f 249

Ἀρκτοῦρος 8 1235

Ἀρτοφύλαξ 8 1235

Qmfflo'

Ἁρμόδιον 1, 41

Ἁρμοδίου 112

Ἁρμοδίῳ s 12

ἀρνεῖσθαι 4,1

ἀρνοῦνται 6,14

ἀρνουμένων 6,14 22,18

ἀρνηθῆναι 4,1

ἀρνίον 32, 21

ἀροῖ 177

ἥρπαζον 20,17

ἁρπάσας 195

ἁρπάζεται 21, 13

ἀρρηφορίας 21,5

-η--Ε-θ-Ὰ-

Ἀρτεμίσιον 2, 30

ἄρτου 6,2

ἀρχαιοπλούτων 19, 49

ἀρχαῖον 6, 51

ἀρχαίου 81157 ·

ἀρχαίων 28,5

ἀρχαίοις 2, 81

Ἀρχεβιάδης 14, 27 (Ἀρχιβιάδης
libri) 15 (Ἀρχιβιάδης libri)
f16,1

Ἀρχεδήμῳ 14, 25

ἀρχεῖον 9,9

Ἀρχένεω 12, 16

Ἀρχεπτόλεμον 12, 67

Ἀρχεστρατίδης 14,3

Ἀρχεστρατίδῃ 15,12

Ἀρχέστρατος 21, 8

Ἀρχίας 182

Ἀρχιδάμιος 81 18

ἀρχιθεωρίας 21,5

Ἄρχιππος 6,12175,1176

Ἄρχιππον 6,11 (Ἀρίστιππον
libri) .

α’ρχη 2,17 12, 29 13, 30 33,5

ἀρχῆς 1,54,97,39,612,3· -
94 13,3 14,1 17,1 19, 48
4958 21,7 2681212 28,
12 30,35 32,3

ἀρχῇ 15,1 30, 29

ἀρχήν 2, 45 8,1 9,616 12,5
63640 485596 14, 34 18,
10 20, 17 24, 26 25,14 26,
7,8 11 (ἀρχῆς libri) 30, 24
33,2

ἀρχῶν 24, 22 26, 12

ἀρχάς 12, 57 13, 62 20,5 21,
ωωωωωωω ”

άρχουσι 28, 10

 

