Q

1516 2025 27 3032 26,8
92328911 1517 30,18
31,26 32, 19 33146 34,
9 187 Ρ1ι231αθ Ph 233θ Ph
334ο ’

ἀξίαν 12, 82 82 86 14, 13 20,
3131 27,9 28,1”Ρ1ι 2311)

3333331333 12, 63 13,
54 15,1 27, 13 29,12 31,
1011

ἀξια 12, 37 86 14,2 17,7 18,
20 19, 30 22,2 32, 15 Ph
23311

ἀξίων 31,34 .

ἀξίοις Ρ1ι233θ .

ἀξίαις 1,31

ἀξίους 1,332 34 2, 80 12, 20
14,33 16, 21 20,8

Ἀξίοχος 14 14

Ἀξιόχου 14

ἀξιῶ 1,2136 3,4 4,12 7, 23
14, 2022 16,3 17,61010
18, 27 19,45 21,125 25,4
27,13 29,8 30171719

’ 3ι,4 3219 333 για]
Ρ11230θ

ἀξιοῖς 7, 21 10,13 12, 26 22,5

ἀξιοῖ 6, 34 48 14, 11 26, 3 35

Ι 11 28,11 31,32 321218
81302

ἀξιοῦσι 12, 89 16,17

ἀξιοῦμεν 17, 9 18, 127 27,15

ἀξιοῦτε 7·,7 12, 82

ἀξιοῖτε 19, 38

ἀξιούτω 31, 14 24

ἀξιοῦν 7, 42 11,6 (ἀξιον libri)

’ 30,9

ἀξιῶν 31,2 Sf 302

ἀξίαν - ἀπήγγειλεν 19

ἀξιοῦντος 4,14

ἀξιοῦντες 2,914 14,16 26, 5

ἠξίουν 1, 29 2, 12 1524 50 68 ⁴
3,5 7, 40 12, 37 93 16,8
17,5 19, 52 21,17 25,13
1419 32,12 111

ἠξίους 10,8

ἠξίου 4,15 7, 23 14, 17 18, 10
20,19

ἠξιοῦτε 19, 34 123 (erat ἀξιοῦτε)

ἠξίωκας 32, 16

ἀξιώσει 14, 23

ἀξιώσετε 14, 17

ἠξίωσας 305 ·

ἠξίωσείν) 1, 31 6,12 19, 13
30,8 31,9133133

ἠξιώσατε 19, 14 ·

ἠξίωσαν 2, 64 3, 42 9,617 12,
20 26,2

ἀξιώσειεν 10, 23 11,8

ἀξιώσαντες 2, 56 .

ἀξιώσαντας 2, 52

ἀξιοῦνται 24,17

ἀξιούμεθα (ἀξιοῦμεν libri) 20, 33

ἀξιούμενος 12, 68

ἀξιούμενοι 30, 35

ἠξιωμένον 26, 12 ’

ἠξιώθη 13, 69

ἠξιώθησαν 2, 47

ἀξιωθέντες 19, 57

ἀξίως 31, 29

ἀξιώτατον 22, 8 11

ἀξιώτερον 22, 22

ἀοίκητος 113

ἀπαγγέλλοντα 8, 15

ἀπήγγελλεν 8,9

’ἀπαγγελεῖν 8, 8

ἀπήγγειλείνλ 8, 39 12

 

