τινύς - τύιούτιυύ ’ ¹ 193

ῃωααωωωωι5ηωωααωῃαωα

ωωαωωιαωα αραωωρο
60 78 86 15,419,51 24, 13 τοιαύτη 2, 22 13, 36
25,6 27, 14 31,5 15 32 τοιοῦτο 7, 27
Τισαμενόν 30, 28 τοιούτου 6,3 7 12 10, 26 13,7
Τῖσις 1 75,1 2 τοιαύτης 7, 41 26, 12 Ph 23301
Τίσιδος 175,5 τοιούτῳ 7, 28 12, 13 18,5 28,
τιτθόν 1,1012 830,1431,17
τετρωμένος 20,14 τοιαύτῃ 6, 25 10, 24 25 13, 40
ἔτρωσε 3, 41 24,31025,1131,1732,
ἔτρωσαν 3, 42 12
τρώσῃ 6,15 τοιοῦτον 1, 26 45 3, 20 23 38
τοι 2, 20 26 63 79 (καίτοι γὰρ 4,6197,16388,1912,92
Xk) 80 6, 39 8, 18 12, 27 13, 55 77 14,1 16,520,4
(ἕπει τοις ἔπειτα libri) 27, 21,1617 1112491011 25,
10 30, 4 1 59 Ph 2310 81 215 26, 20 31, 28 Ph 2310
ωι ’ οωω
τοιγάρτοι 26, 20 31,24 τοιαύτην 135362, 663, 310,
τοίνυν1,5213435452,233, 21 11712 2439131317
791535374,,,665475 5716,,511212524,,425
1112171811821252730 71Ρ52310
34 36 378 11081,611 15 τοιούτοι2, 107, 3920, 3025,
26 12,37 43 4650 55 79 84 26113
13, 23 29 31 33 35 39 43 51 τοιαῦται 6,2
60 61 [65] [66] 67 84 92 93 τοιαύτα1 1127 28 29 472 77
969614,4912132215,4 3,9 1725266, 2571 139

ωαωααωωαρ
ιωιωωωωωω
ωωααωαωωω
αααααωωιωο
αῳαωαωωωα
ωααωωωαοα
ωωαωιωωωα

1410 ,201,21 2551723
40981511426191618
8,619,53() 53 63 20, 27
21,522, 2 24, 24 26, 7 16 20
(τοιαύτας libri) 30, 7 8 17 31,

202311,2153,14175,6

Ph 2330

212330333531, 7910 τοιούτων1 1,335444726071

121517,2Ο3214192122

338121511 1135Ρ1ι
2310

τοιόνδε 26,6
Index Lysiaeus. Holmes.

3,ωωωηωτωω
ιο,ωωαωαωωαο
4ιααωωωωαω

ωωωωηωαω
13

 

