τοσούτους - τριηραρχήσαντες

-ιιιρ-Δ--η-υ-

τοσούτους 12, 39 13, 53 24, 13
30, 32

τοσαύτας 12, 39 21, 3 193 8 14

τότε 1, 192, 60 74 3, 25 30 6,3
3539 7,72021 27 27 8,10
1616 18 10,1 25 12, 33 46
52 66 71 136821 3453 58
60 61 (τε libri) 78 86 86 93
16, 3 8 18, 14 19, 13 20 48
20, 17 22, 1323,9 1124,8
8 25, 14172235 26, 5 14
18 27,5530, 7 9 31, 10 18
19 24 32 32 33 33 32, 18 34,
1 Ρ1ι231ει Ph 232b0 Ph 2341

τοτέ 2,118 38 4,8 8 51, 17 17

τραγῳδοῖς 19, 29 21, 1 24, 9

τραπέζῃ 9,5

τραπέζαν 6,2

τράπεζαι 13, 37

τραπέζας 13, 37

τραπεζίου 150

τραπεζίτῃ 11, 1

τραῦμα 4,9
[τραύματος] 3, 41
’τραύματα 147

τρεῖς ιτ, 3 4 ιιι, 21 τηατ) 31, ·

21 32, 28 169

τρία 7, 6 10 10, 4 (οιιι. libri) 12,
11 17,58 1992940 26, 23
29, 6 30, 20

τριῶν 12, 16 18 30, 20 .

τρισί 1 1,1

τρέπομαι 3,12

τρέψεσθε (τρέπεσθε libri) 8, 19

τρέψεσθαι (τρέπεσθαι libri) 10,
30

ἐτρέψαντο 2, 46

τρέψειε (στρέψειε 115τὶ) 32, 20

ἐτράποντο 2, 64

τράπωνται 26,6

τραπέσθαι 12,5 18, 19 29,2

τραπόμενοι 18, 18

τρέφειν 19, 9 33 27, 10 32, 23

τρέφων 24, 6

θρέψαι 2, 73

θρέψασι 2, 70

τριάκοντα 1, 14 b, 45 7, 4 27
10,443111,121212,4
5617 2828 2929354850
54 54 55 57 57 73 80 87 89
90 13, 2 13 14 [19] 20 20 34
35 36 37 37 38 43 44 47 50
51 54 55 56 74 74 75 75 94
95 96 96 97 14, 39 16,3 10
1418,561112222419,
55 20, 24 21, 1 3 5 24, 25
25, 2 59 14 (οἱ l’: οἵδε libri)

⁴ 19 21 22 22 30 31 26, 10

19 24 28, 1329, 2 30, 4 12
13 31,832,69 15134
τριακόσια 19, 29
τριακοσίας 3, 22 25 21, 2
τριακοσίους 12, 52
τριβωνίοις 32, 16
τριηραρχῶ 19, 62
τριηραρχοῦμεν 18, 21

- τριηραρχεῖν 135
, τριηραρχῶν 7, 31 19, 25 42 62
· τριηραρχοῦντες 29,4

ἐτριηράρχουν 21, 2 6
τετριηράρχηκα (ἐτριηράρχησα li·
bri) 25, 12
τετριηράρχηκε 19, 57
y τριηραρχῆσαι 19, 29
τριηραρχήσαντι 19, 12
’ τριηραρχήσαντες 12, 38 13, 62

 

