120 λίαν- ἐλύπουν

*dm-

’ λίαν 1,62,114,8 10,2 14, 22 λόγοι12,2553 13,520,2621,2
15,9 24,15 16 21 25 32, 21 λόγων 1, 21 38 6,3 1,23 3443
33, 3 153,3 10,5 12, 33 25,1 32,18 146

λίθον 183 188 Ρ1ι231181260

λίθῳ 3, 8 λόγοις 19, 61 24, 14 25, 13

λίθοις 3,8 λόγους 1,84,1,2185,334

λιθοτριβικήν 169 1, 21 30 8, 11 9, 2 12, 2 61

λαλουργικήν 169 - 14, 34 16,3 19,ῗ) 21,139

λιμένας 13, 34 13 18 24, 26 25,2 26,4 32,

λιμῷ 6,1 ’ 12 34,5 11,2123

λιπομαρτόριον Sf 321 λοιὸοροῦσιίν) 9,18 30,1 Α

λογίζεσθαι 32, 26 λοιδορῇ 9,6

, λογιζομένῳ 19,9 λοιδοροῖμι 9,6

ἐλογίζετο 32, 20 21 λοιδοροῦντα 9, 16

λελόγισται 32, 21 (λελογίσθαι λοιδοροῦντας 9,9
libri) 24 ἐλοιδόρει 30,10

λελογίσθαι 32, 27 ‘ ἐλοιδορεῖτε 8,5

λογιοῦμαι 32, 28 · λοιδορία 1, 45

ἐλογίσατο 32, 22 λοιδορίας 3, 43 ’

-—- ---—--——-—.—-- -m--u

λογίσαιτο 160 ’ λλοιδορίαν 115,12

λογίσασθαι 19, 50 λοιδοριῶν 21,8
λογισμός 2, 39 λοιπή 26,6 ”
λογισμῷ 2, 23 32, 19 λοιπόν 2,18 ί, 16 10, 15 14,4
λογιστηρίῳ 20, 10 43 16, 2 19, 30 30, 34 32, 3
λογοποιοῦσιν 22, 14 λοιποῦ 12, 85 14,2 24, 21
λογοποιοῦντας 16,11 λοιπά 12, 19 19, 40
λόγος 2,254 10,23 11,823, λοιπῶν 265356
11 24, 10 32, 26 λοιπούς 12, 5 22, 19
λόγου 2,199,13 16 13, 81 19 λούεσθαι 1,9
, 30 “ ’ λυμαίνεσθε 28,14
λόγῳ αισα 111135 9, 1421 ἀαμαιιετο 13, αι 30, αα
12, σο αλια νο, ιι ἰαμ 31, ιιαμαιιοιτο τσο
3 4 34,5 Ρ1ι234ο ἐλυμήνατο 30, 2
λόγον 2,1 23 3, 31 8,8 11 12 λυμηνάμενος 6, 20
9,11910,3013,9016,9 λυπεῖ 32,21
19,61 20, 32 (λόγον τὸντ λο- λυπεῖν 1,6
γόντιυν libri) 22,11 24,1 26 λυποῦντα Ρ1ι2320
26,630,51532,25116,2 ἐλύπουν 12,56

 

