μαχούμενος- μειρακίοιν 123

-ψηη-νμ--η--φ-

μαχούμενος 33,3

μαχεσάμενοι 3, 42 12, 95

Μεγακλέα 14, 39

μέγας 2, 34 56

μεγάλη 14, 47 15,9

μέγα 2, 5 48 74 12, 68 13, 53
73 14, 35 19, 38 21, 1625,5
624 31,19

μεγάλου 19, 25

μεγάλης 2, 5 14, 10 19, 53

μέγαν 3,1

μεγάλην 2, 63 68 3, 13 10, 24
18, 24 25, 32 28, 14 Ρλ 232ο

μεγάλαι 14, 19

μεγάλα 2, 20 5, 34 6, 35 9, 16
13, 2 52 75 14,· 29 19, 45 22,

’ 20 31, 5 22 28 32, 1 33, 9
175,5 Ph 2330

μεγάλων 6, 35 7, 33 12, 2064
78 97 14, 35 16,19 28, 33

μεγάλοις 1, 22 7, 33 21,1

μεγάλαις 32, 21

μεγάλους 12, 93 28, 13 33, 59

μεγάλας 3, 42 43 7, 1413, 62
18,7 19, 57 27,10

Μέγαράδε 12, 17

Μεγαρεύς 7,4 13, 71

Μεγαρεῖ 6, 54

Μεγαρικήν 2, 52

μέγεθος 12, 1 24, 9 26, 2331,
27 32,11 19134

μεγέθους 1, 3 2, 40

μέγιστος 16,6

μεγίστη 19, 32 25, 20

μέγιστον 1, 46 2, 28 3, 39 13,
7716,1118,1719,2521,6
922,1124,1125,2130,14

μεγίστου 19, 3 56

μεγίστης 2, 58 7, 15 10, 22
31, 26

μεγίστῳ 19, 51

μεγίστην 1, 6 2, 7 18 36 55 22,
16 25, 17 23 28 28, 15 17 30,
18 178,3 81260

μέγιστοι 31, 32

μέγιστα 1,2 7,16 18, 2 31, 24

μεγίστων 2, 79 4, 19 12, 68 85
16, 1 24, 21 22 23 25, 25 26,
11 30, 29 33, 3 Ρλ 233d

μεγίστοις 2, 65 9, 22

μεγίσταις 26, 20

μεγίστας 25, 26 30, 3

μέδιμνον 22, 12

Μεδοντιάὸα 14

μέθης 3, 18 43

μετέστησε 26, 23

μετέστη 20,9

μεταστάς 23,15

μεθισταμένης 16,4

μεθίστατο 30, 14

μεθύων 1,12 3,6 175,5

μεθύοντες 3,12

μειαγωγῆααι 81 76

μείζων 10, 26 31 11, 12 13, 91

μεῖζον 2, 73 5, 4 6, 34 10, 21
11,7 12, 56 21, 21 25, 33

μείζονος 2, 10 81322

μείζονι 31, 29

μείζω 1, 31 4,19 12, 49 55 13,
62 75 31,4

μείζους 4,18 10,29153,3

μειράκιον 3,461011 121522
26 27 31 32 35 37

μειρακίου 3,5 18 29 37 175,1

μειρακίῳ 127

μειρακίοιν 32,9

 

