192 11-11311ν)
16, 21 20, 32 29,630,224 τὶ 1,42 2,73, 31 33 36 48 4,
2431,272933,934,6144 0166,4407,148,1718
81260 9,1210,212,7445213,9
τίΙ, 142542452, 73773, 38 142526283133485153
4,,5196 46 (1111511) 497 5ο 84 88 88 92 14 43 168
12128,,3121791510 71,149101823385156
(33111511) 0413111511) 5820, 341621 1,12 22, 55
122811 71011,2343482 2391 1324,9(τις11511)9
13, 24 34 (τοιοῦτον praeter (ἔ1111511)110101825,233
τί οὐ τῶν libri) 14, 41 15, 3 26, 11 28, 8 30,,1 16 26 31,
10,21 22, 16 24, 3 12 13 21 139 9 11 13(ος οὔτις οὔτ’
23 26 730, 26 31 1022 23 εἰ libri) 141719 242626
2432 273426 262728303132,615112
τινος 10 23 118 1337203 114127127134Ρ112321
24,2 Ρ112340
τοῦ 13,2026,13 Α τινος 5,1236,32 9,621 11,
τίνι 9,2133,7 312, 30 13, 53 17,121,1
τῷ3,293212,27 18 22, 13 232225, 12 13
11134, 19 6523 53 12,27 35 31, 10

19, 23 22,21 26, 1427,329, τινί 9, 5 19, 35 52 25, 11 27,
3 3 32, 12 15 31, 29

τίνες 2, 42 14,6 18, 8 τῳ 15, 9 20, 13 Ph 2329

τίνας 2, 76 76 18, 22 τινά 1,18 31 3, 31 6, 41 7, 34

τὶς 1, 15 32 4344 45 49 3, 79 10, 10 21 13, 46 46 78 82
416,1515212231417, 859014 2619719203

1113113,33,313,333 1111113331131111,
3313131111,344333 131 13111331,1,334
33311,1413343413,31 3333313133332b
3131333114,133111 11 3131, 133,1114111,313
innwwmn3m3 333331333
13, 13 13, 3 33 34 31 33 33 11 1431311 13, 11 11, 1
13,3311111313133131 13, 1 13, 43 3131 13,1
3411,111313,1 11 14, 13 13 11 34 11, 1 13, 3 133
1413,133313,333,1113 3131311 11 331 11 31
13131331,113131313 31334

13 31, 1113113113133 3131 13,3314,4313,1313,
13311341133133133 13131

13133ο 1133) 3, 33133313, 133134

 

