. έγίνετο1,

42 · γηροτροφηθέντες - ἐγενόμην

γηροτροφηθέντες 13, 45
γίγνεται, 116 1,940 43 25, 32

“ 26, 631,11014

γίγνεσθε 3, 97

γίγνονται 3,2 (γίνονται vulgo)
7,1

γίνεται 6, 31 12, 98 13, 71 25,
27 27,2

γίνονται 32, 4 29

γίγνεσθαι 2, 57 13, 36 16 25,
19 26,6 31, 30 Ph 232⁰Ph
2340

γίνεσθαι 1, 31 6, 32 12, 48 34,
10

γίνοιτο 2513

γίνοιντο 6, 48

γιγνόμενον 24,7

γιγνόμενα 3, 13 31, 22 -

γιγνομένοις 12, 32

γιγνομένας 12, 51

γινομένην 6, 49

γινόμενα 1,18 3,16

γινομένους 12, 66 31, 30

γινομένας 28,2

ἐγίγνετο 13, 8 32 36 91 19, 53
21, 10 25, 10

έγίγνοντο1 13,5

10 7,12 31,3 55

ἐγίνοντο 2, 65 1,2 25 53

γεγένημαι 3, 47

γεγένησαι 30,19 32,9

γεγένηται 1, 7 43 3,4 4, 6 16
6,17 7,67 12,732 14, 35
18, 0 19, 5 7 38 25, 2 (γεγέ-
νηνται libri) 26, 8 12 13 13
10 29,1 7 30, 20 27 32, 1
27 33,9 116, 1

γεγενήμεθα 20, 30 34 25, 30

γεγένηνται 2, 701 1389 19, 56
20, 025630 26 17
γεγενησθαι 12 63 1,373 25, 29
γεγενημενος 12,77 18,2191 , 12

25,4 28,1
γεγενημένη 13, 32
γεγενημένον 9,713 10, 24 14,
16 26, 12
γεγενημένον 1, 38 3, 26 10, 3
12, 64 (γεγενημένους libri) 78
(γεγενημένοι Xl‘) 14, 23 31
2523
γεγενημένης 18,4 30, 18 Ph
23211
γεγενημένῳ 2, 27 19, 15
γεγενημένην 2, 32 1512
γεγενημένοι 2, 51 53 14, 42
25, 31 ’
γεγενημέναι 12, 53

’ γεγενημένα 3, 21 12331756

Ἧωώω2,ᾖῶ3,ὢῶ
405,16,,13176912,328
134814,3418,18211110,
49251 81162 3526 8
30, 1183,3034,5175,5

γεγενημένοις 1,1 18,9 20, 19
2523

γεγενημέναις 34, 4

γεγενημένους 1,424 1812 25
13339

γεγενημένας 12, 192 13, 43 333
34,1

ἐγεγένητο 13,5 18, 11

γενήσονται 13, 94 20, 34 259
30,7

γενήσεσθαι 33,2 Ph 232θ

γενησομένων 31, 30
ἐγενόμην 9,13 2514 30,7

 

