ἔχον - ζηλοῦσθαι

.-——-—-u-—·.-—-.--- ——...-.-... . -—-—-————fl—d—--—·—-—-—-—-d

911194122122519, 1131 18,419,6320,318
18 24,1 28, 4 29,432,2 18 22, 17 29,1
’ 12152026147154179 εἴχομεν 12,53 18,20 34,9
Ρ11233Ο εἴχετε 12, 29 25, 20 21 123
ἕχον 1,9 (erat ἔχετε)
ἔχουσα 12, 19 ἕξω 24, 3 27 26, 23
ἔχοντος 20, 26 21, 25 ἕξεις 329
ἔχοντι Ph 231ο ἕξει 6, 42 26, 21 32, 25
· ἔχοντα 8,7 14, 37 ,21, 16 28, ἕξετε 12, 35 90 21, 14 26, 14
432,12153,4 27,7
ἔχουσαν 19, 33 ἕξουσι1ν) 2, 45 12, 45
ἔχοντες 2, 10 6267 3, 28 4,7 ἕξειν 3, 32 6,5 7,16 14,16
12, 19 19 20 92 14, 22 19, 21 22, 21 28, 7
37 25, 28 26, 10 29, 4 10 ἕξων 32, 23
31,18 32,1 ἔσχον 13,62 25,15 29181532
ἑχόντων 2, 13 4, 20 7, 28 14, ἔσχε 19, 44
33 22, 18 σχεῖν 7, 36
ἔχοντας 1,47 4,6 15,12 16, σχών 5,3
71421 19, 33 24, 7 10 25, σχόντες (ἔχοντες libri) 16,5

2229 22999 9211 ι ἐχόμενοι 1911
εἶχον 2, 13 35 4,917 7,17 9, 1 ἐχόμενα 24,8

4192 1249 1919 99 14, ἕως 1, 19 21 12919911 19,

211911121,1991,1992 29 199 1299 1249 29,

991291ιι 2199 2212 2929 2219
ετχειι) 12291 9912 991 12, 929 99991192129

ζ

Ζακόρου 6, 54 ζεῦξας 2, 29
ζῇν 2, 62 10, 5 24, 4 26,5 ζεῦγος 4,1
28,8153,3 Διί 26,6
Ζῶσα 31, 20 Δία 6,732 38
ζῶντος 6,26 9,14 ,ζῆλος 2,60 81210
ζῶντες 2, 69 75 19, 45 ζῆλον 2, 48
ζώντων 2, 74 76 19, 49 ζηλῶ 2, 72 81
ζῶσι(ν) 2, 8 71 78 12, 99 157 ζηλοῦν Ρ112331)
ζῶντας 2, 38 32, 19 ἐζηλωκώς 175,4
ἔζη 5,1 13, 84 17, 3 19, 46 ξηλοῦνται 2, 66
ζειρά Sf 236 ζηλοῦσθαι 2, 26 73 Ρ11232ει

 

