ἀνδρῶν - ἀντειπών 11

...ι-ι·-

23 22,16111181920 23, 61 3,413 6,10 13, 91 14,
116 23,134910121413 3316,1319,3220,3324,3
11 18 19 21 23 24 21 29 31 28,91129,1331,11 133,3
34 26,21 21,168916 28, ἀνθρώπους 6,43 1,36 12,19
126810101212161129, 296019,43124,1930,28
123191112 3014619 32,91
121318 21 23 2432 33 32, ἀνιῶμαιῙ 1,343
2 1141818192121 1331 ἀνιωμένου1 1,232
11, 113114116134143 ἀνιαρόν8,2
1431101181 21419611οΗ ἀνιαράΡ112331
1 130 Δ ἀνιαρότατα 23, 20
ἀνδρῶν 1, 33 2, 4 3 8 21 34 60 ἀνιαρότερον 2, 13 10, 28 11, 10
Ι6111 123194 13,1233 ἄνισον 4,11
49 62 92 93 94 93 96 14, 41 ἀνέστη 13, 29
28, 14 34, 2 81236 ἀνέστησαν 2, 63
⁴ ἀνδράσι(ν)1,133 12,1313,33 ἀναστάς 12,1314 13,89 22,
61211,232,118163 23
ἄνδρας 2, 42112,60 13, 281 ἀναστᾶσα 1,13
18,24 26 23,19 31,30 34,10 ἀνόητος 3,9
Ἄνθεια 139 ἀνόητοι 13, 18
Ἀνάήνη 8131 ἀνοητότερον 3,431
ἀνθρωπίνη 0, 20 ἀνοήτως 4,16 10, 14
ἀνθρωπίνας 2, 29 ἀνοίας 2,6
ἀνάρωιτος 1,11131613,11 ἀνοίγνυμι 12,10
ἀνθρώπου1,18244, 1891012 ἀνοίγνυσι 131
ἄνθρωπον 1, 32, 43 3, 33 4,3 ἀνεῳγμένης 1, 24
81419 6, 3 ἀνεῳγμέναι 12, 16
ἄνθρωπε 148 ἀνέῳξεν 1 , 14
ἄνθρωποι 1,221 1,13 12, 69 ἀνόμοιος.13,38
1933112 ἀνομον 10, 22
ἀνθρώπων 1, 21 2, 10112640 ἀνόμως 3, 11
40661981 3,16212931 ἀνόσια 6,32
6,34 1,16 28 13,3131319 ἀνταποάούς 6, 49

’ωρῳωωωωωὸηωαωωωω
ιιωοωωνωιιωωωωωω

ωοωωωωωρω ωωωοωαηωωω
ωαῳωη , ωι

’ ιωωῳηωωωωωιωωωαωω
1ndex Lysiaeus. Holmes. 2

 

