48 δεύρο - δημεύσαιτε

δεῦρο 6, 29 1, 10 12, 42 19, 51
20, 14 29
¹ δευτέρας 14, 11

’ δέχεσθαι 30, 22

ἐδέξατο 18,12

δεξαίμην 10, 21 11,1 21, 12

δέξαιντο 25, 24 32

δέξασθαι 0, 30

δέω 11,1 24,1

δήσειν 9,5

ἐδησε(ν) 0,121 (ἐδέησεν libri)

ἔδησαν 115,4

δήσας 1, 25 14, 26

δήσαντας 30, 10 115,4

δεδέσθαι 10, 1016 131

δεδεμένος 6, 23 13, 01

δεδεμένους 13, 00

ἐδέδετο 6, 23 10, 10 13, 55

ἐδέθη 0, 20 21

ἐδέθησαν ’ 13, 34

’δεθείς 10, 16

δή 3,10 8,311 11,9 12, 81
(bilibri) 19, 18 49 20, 21
23,6 20, 21 29, 4 31,33 34,1

—.—-..—---—-—--———

νυνὶ δή 13, 93

ού γὰρ δή 12, 38 51 15,10

οὐγὰρ δή που 4, 15 11,4 12,
21 31, 28

δή ι’. imp. 0, 46 12, 3462 13,
30 22,5
α.ϊο1.13,225,926,1

δῆλος 12, 50 14, 11 24,3

ΜΜ1Μ2ὥ3ὣΩἘ
24 10, 29 12, 51 13, 1215
141934 10,11 18,11 24,
20 21,13 31,21 119 1)1ι231ὓ

δήλοι 12, 90 31,6

δῆλα 10, 42 48

δηλοῖ 20,16

δηλοῦσιν 20, 12

δηλώσει 10, 20 13, 11

ἐδήλωσα 9,4

. ειήιωσεσ) ιοο 11,4 αισα

32, 8

ἐδήλωσαν 2, 58 12, 40 13, 13
19, 39

δηλώσειε 14, 35

δηλώσατε 12, 00

ἀλλὰ μὲν δή 6, 39 13, 21 14, 44 δηλῶσαι 2, 1 32, 11

20, 22

εἰ δή 12, 35 20, 10

καὶ δή 1, 12 13,4 (δή ὃ τι; διότι
libri) 18,14 19, 51 (ἰδία libri)

mffimQffl

καὶ γὰρ δή 8,13 28,3 29,9
(κα1111ιιί) 11

καὶ μὲν δή 4,13 0,15 1, 36
10,529 12, 30 35 49 89 14,
11323443 15,9 18,9 21,
23 221921 2511 20, 11
28, 11 123 Ph 231ss 1’1ι23210
Ph 2331ιί

ἐδηλώθη 8,12

δηλωθῆναι 2, 54

δημαγωγοί 25,9

δημαγωγῶν 21, 10

Δημάρατος 12

δήμαρχος Sf 184

δημεύοιτε 29,0

δημεύειν 11, 40 30, 22

ἐδημεύσατε 19, 31

δημεύσητε 11,4

δημεύσαιτε 12, 83 (δημεύσετε
libri) 19, 38 (δημεύσετε libii)

x 0102

 

