τούτων -τουτουί 151

19,1111111111 1,1111111111111119·
11111111 111,111111
111111113 131111111
111111111 11114111111
111111113 111111111
111111111 1111111

1 1 14 11 1119111111 111111194111111414,

31,13 14 20 23 30 32,19
101133,33434,4114
116,2115,3418οΡ11231(1
Ρ112331810

τούτων 1,13 21 29 42 46 2,1
22228145160601314
1416113,149131418
20313142434,21 1118
5, 3 5 5 6, 15 20 (τούτῳ libri)

111111111.
111111111
111111111
111111111
111111111
181111111
1,11,1111,11
31131111,111
11111111

25 48 53 113 14182125 τούτους1 , 34 35 2, 45 11 19
25 28 8,22910 11 9,13
16 19 20 10,6 1153111,

10 12,1 20 35 42 44 55 51
59 66 11 14 84 86 (0111. libri)
86 91 92 (τοῦτον Χ) 92 94
95 98 98 98 99 100 100 13,
1542 48 49 55 61 69 16 89
89 95 (τοῦτον X) 96 14, 4 5
919303944464115,4

1111111111
1111111111
111111111
111911111
119111113
1911911114
1ω11111419
91,1111111,1
1111111111ὓο

(τούτουῶνΧ)561111 116 ταύτας4, 181813,311 1923
11111345981420 28,,4325
20 21 21 19,211 35 (τοῦτον οὑτοσι 3,4 (οὗτος libri) 12 20
X) 40 41 (τοῦτον XO) 43 47 · 20 1, 10 8, 10 (οὗτος libri)
59 61 64 20,34916 20 30 10,11 13, 2633 55 (libriz
33333621, 511 112322, οὗτος Scheib.) 71 19,1 23,
11348810 1156 1218(11·11961ος)115,1
621 1111111111Η 116111
1,52442125,336910 τουτὶΙ,0411,113,555924,6
11320 23 24 30 32 26,2 τουτουί 10,18(19111111511)12,
3513 16 11 119 202 19 13,4 638 41 (τούτου

111111111 1111111

 

