516 δικαστῶν - διπλάσια

...,η--υ-

26,1649101214161718 Διοδότου 62,4
1921 23 24 27 2934 27,6 Διόδωρος 8,10
916 29,126791112 60, Διόδωρον 8,11 14
146279 161821 26 24 διοικοῦσα 1, 7
62 62, 11418181921 24 διῴκηκα (διωκησα 111111) 10,11
26 28 11,11 61161 164 διοικηθήσεται 66, 66
146146170176178,12 διοίκησιν 66, 22
4 BCHI. 150 διωκίζιτο 62,14
δικαστῶνῙ2 ,84 διοικιοει (διοικησει 111111) 6Ἷ, 14
δικαστάς1,1 14 415 68, Διοκλῆς 4, 4 6, 64
22 21, 22 Διοκλέους 21, 2
δίκη 6, 20 Διόμνηστος 18, 21
δίκης 9,12 16,17 26,1016 διόμνυται 10,11
δίκη 9, 19 διωμόσατο 6, 4 21 10,12
δίκην 1, 29 31 64 36 2, 67 6, διομοσάμενον 6, 1
1942 4, 20 6,10111210 διομοσαμένοις 4,4
20 2024 643441 7, 6716 Διονύσιος 16, 90
1668161422111712,Διονυσίου6,,61910(κα“ιΛυ-
426 296 6(6 6767607879 σίου libri)

82 82 86 84 100 14, 1020 Διονυσίῳ 10,3013,41

111111 111111111111, 111111111114111111,
11111111111111111 1111

21,42611722 62 3626 Διον6σ1α21,,232 21
627, 667801,628 1916 Διονυσίοις4,3
1717 60,46826 24 24 30 Διονυσόδωρος 13,130 4041
3266 11,1 116,1 176,1 Διονυσόδωρον 13,2
1 86 διόπερ Ph 333⁰
δίκαι 17, 6 38 διωρισμένον (διωρισμένα X 61
δίκαις 16, 66 30,4
δίκας 1, 60 44 6, 20 7,1 10, διορό,ξας 2 26
11113,6()]17,621,1823, διότι6,17264,128,1713,
6413 26, 1212 32,2 6064648696 17, 366
Διογείτων 62,244791219 Διότιμος 19, 6661
Διογείτονος 62,2 Διότιμον 31 ‚ 16
Διογείτονα 62, 26 διώχληκε 6, 6
Διογένει 129 ἐδιπλασίασεν 62, 26
Διόγνητος 18, 9- διπλάσιος 6, 62
. Διόδοτος 3545 1 διπλάσια 16, 62 67

 

