162 περιαγαγών - περιέχονται

απαααππππ 0m24wmffiss,M1

2wwmwmwww3 Μππιπτπιπ

ππααπαε,η4 m9m11,7m2w32

&10 w0n4ffiffiu9 αααπαππαα

9Μ13ωεεαπε π,3ααπιααα

Ἣεπιπ Μαηε 4620‚2210192624,725,¹
³ ασππε11,3μι ππααπππαπ

1112,5567716242533 3432,52311,44153,1
- 33 34 35 38 45 48 53 62 70 περιαγαγών 1,25 ,
72 73 74 74 79 90 94 13,5 περιεῖλον 12,40
88917 17 18 32 32 41 46 περιελεῖν 12,7013,14
50 55 62 62 [65] 83 85 88 περιῃρημένων Ρ112319
88 89 89 14, 2 344556 περιαιρησόμεθα 34,4

16 24 32 40 45 45 15,14 περιάψω 21,24
891011111116,29911 περιβάλητε 4, 20
1111112172117, 11118, περιβαλεῑν2,45

1131314 527 2719, περιβόητος 3, 30 30

2911 11736 49 55 5556 56 περιγίνεσθαι 24, 18 27
20, 2732 32 21 1116 18 περιγενήσεται 34,6

19 20 20 22 22 25 25 22,1 1 περιεγένετο 30, 20

247 1010151618191920 περιγενέσθαι 12, 45

20 22 23, 1 5 9 12 24, 410 περιγενόμεναι 13, 63

18, 2121262625, 1279 περιίδητε 3, 474, 209, 22
· 100111720202123 26 περιιδειν2,443, 718 23 19,
2099111202 616 6432,,1,01111784
1616 1162 1212321324 27, περίεστι 31, 14
4788286811 1121 1212 περιουσι 21,16

12 612,9368111130,7 περιόντα 32, 29

7 8 8 9 15 17 1718 20 29 περιέσται 29,8

3131 31, 4457161820 περιιέναι 21,25

22 26 26 27 27 27 303 31 1περιιών 31, 18
3232333432, 2231 12 περιιόντες 29,12

12131317 182 2327 27 περιεργοιις 12 35

33, 3366 7 34, 59 1011, περιερχόμενοι (ἀπερχόμενοι li·
2116,12222123123 5101619
134148178,1179188189 περιήλθετε 8,8

190 Ρ1] 230Ε Ρ112311604 Ph περιέχει 7, 28

232ο Ph 233(1 Ph 2349 περιέχονται 173

 

