ἦσθα - εἰπόντος

58 606419 90 91 14,1136 ἐσομένης 14, 10 Ρ112330
3115,516,511181611, ἐσομένην 19,13
4194814 141818 22 23 ἐσομένων 1,42

28 36 39 [41] 52 61 20, 24 ἐσομένοις Ph 234⁸»

1112 22 242424252121 εἴνεκο4,414, 32
33333622,3823,151524, εἴπερ, 12 463,,2211211
825,1626,429,1130,2 248,,4101012,212932
13201ἦνᾶεεῖναι116ιὶ>3 ,88 4813,121915,516,8
12(ἢ115π’)1212202132,1 21,2222,1223,1525,5
41120222133,434,914 εἴ περ 20,16
110113130154156162 εἷπον1,192126393,912,9
11821881931101814 23 16, 14 20, 20 26 22,2
ἦσθα 1, 20 12, 25 32 23,9

ἦμεν 4, 4 10 13, 90 11, 3 εἴπε(ν) 6, 51 8, 12 12, 14 14 20,
ἦτε 6,1313,3620,29 122,923,132,91“15,5
ἦσαν 1, 21 2,423 29 13 15 9, εἴπω 19,1

12 12, 43 44 4949531598 εἴπῃς 10,13 11,6
13,1824212144526261 εἴπη 1061211356
148196141011319,20 εἴπωμεν 19,5
225120,11089 612426 εἴποιμι8,4

2821,1122,1 16251011 216 εἴποις1 1,353
21,41229,130,631,111832 εἴποι 10,88911,5 20, 11
3241823 [f 1, 5] f 13 11
ἔσομαι 21,14 εἴποιεν 20, 23
ἔσται 1,218,1911,4512,50 εἰπέ 22,5
505814’14,2121115,1 εἰπάτω 8,3
21,2025,2021,530,2431, εἰπεῖν 1,5 2,2242 3,311
24346 22 46 4, 2 5 18 6, 54 1,9
ἔσεσθε 12,449013,9122,19 8,,,111914121113150
21,1 28,130, 23 34,4 68 69 86 95 99 13, 22 25
ἔσονται2,13455,46,1312,11,111,94115521822,
3545 14, 12 20,34 22,20 111,241,82616 2123 30
ἔσεσθαι 2, 283039453,456 1120243 321 115346
31,12410,112,538599 11,62123118,1119
1429304319, 386322, εἴπών1,14231081 1,1412,
192025,1111232428,430, 519,2220,1104168
28 33, 6 341οΡ5 232¹J Ph εἰποῦσα1 ,132 11

233 ¹³ εἰπόντος 23, 2

 

