εἰσαγγέλλουσι - εἰωθόσι 69

εἰσαγγέλλουσι 12, 48
εἰσήγγελλε 10,1
εἰσαγγείλειε 1, 20
εἰσαγγεῖλαι 13, 50 56
εἰσάγουσι 13, 36
εἰσάγων 6, 49
εἰσάγοντες 6, 49
εἰσαγόντων 30, 3
εἰσαγαγεῖν 1, 40
εἰσαγομέναις 15,3
εἰσήχθη 30,2
εἰσαχθεὶς 6, 21
εἰσαγώγιμον 23,5
εἰσαρπάσειαν 3,12
εἰσαρπασθείς 1, 27.
εἰσέβαλον 20, 33
εἰσῄειν 1, 42
εἰσῄει 1,17 17 3, 29
εἰσιέναι 1, 36 6, 9 54 13,81
14,28116,1 175,4
εἰσιών 1,425. 3, 23 6, 33 45
εἰσιόντα 3, 7 6,15
, εἰσιόντες 1, 24 3, 46 12, 99
25, 26
ἐἰσιόντων 24, 19 νο f τε, 3

· 194

εἰσέρχεται 1, 23 12,10

εἰσερχόμεθα 1, 24

εἰσελήλυθεν 6, 52

εἰσεληλύθασιν 30, 34

εἰσεληλυθότος 1, 38

εἰσήλθον4, υ 9, 9 13 38 20,
31,1

εἰσῆλθεν 3,6 6, 52

εἰσέλθοι 1 75, 5

εἰσελθεῖν 1, 40 32, 1

εἰσελθών 3, 2 12, 10 13, 21
19,22 20, 14 61755

· εἰσελθόντες 9,11 13,12

εἰσελθόντων 175, 6

εἰσελθόντας 1, 27

εἰσηγήσαιτο 14, 35

εἰσόδους 1, 20

εἰσπλέουσιν 22, 17 21 (ἐκπλέου-
σιν libri)

’ εἰσέπλευσε 13, 34

εἰσποίητος 155

εἰσεπράττετο 14, 16

εἰσπράξασθαι 17,14

εἰσφέρουσι 27,10

εἰσφέρομεν 18, 21

εἰσφέροι 20, 23

εἰσφέρειν 29, 9

εἰσφέρων 7, 31

εἰσενήνοχα 21, 3 25,12

εἰσενήνοχεν 19, 57 30, 26

εἰσενηνοχέναι 19, 29

εἰσενηνοχόσι 18,7

εἰσήνεγκεν 20, 12

εἰσενεγκεῖν 22, 13 31, 15

εἰσενεγκόντας 12, 20

εἰσενήνεκται 19, 43

εἰσενεχθέντων 31, 16

εἰσφοιτῶσαι 158

εἰσφοράν 6, 48 21,3 22, 13

εἰσφοραῖς 28,3

εἰσφοράς 7, 31 12, 20 18,7 19,
2957 20, 23 25, 12 27, 10
(εἰσφοράν libri) 28,4 30, 26

εἰτα1 ,14 40 4,8 6, 36 10,14
12, 2626 13, 52 86 19, 51
51346145

εἰτε...εἰ’τε 2, 58 12, 59 13, 83
20, 34 -

εἰωθέναι 31, 2

εἰωθόσι 3, 28

 

