200 ὑπαρχουσῶν- ὑπό “
ὑπαρχουσῶν 14, 35 ὑπερμισήσατε 31 , 19
ὑπάρχουσιν 2, 21 ὑπερορᾷ 2,11
ὑπάρχοντας 2, 62 34, 3 ὑπερορᾶσθαι Ph 232(1
ὑπῆρχε 2,114,16 13, 21 1 12 ὑπερορίας 31,8
ὑπαρξάντων 12, 91 ὑπερορίαν 31,9
ὑπάρξαντας (συνάρξαντος libri) ὑπεροψίας 12, 93

24 18
ὑπηρὺμὲνων 21, 25

ὑπερφυέστατον 21,12
, ὑπερῷον 1,22
ὑπεκθέμενοι 2, 34 ὑπέχω 24, 26
ὑπεκτεθέντας 2, 36 ὑπέσχον 9,11
ὑπέρ c. ρειι. 1, 47 47 2,999 ὑποσχεῖν 36,3
12 14 14 20 22 25 25 2526 ὑπέσχετο 12146810
26 33 34 35 35 40 41 41 42 ὑποσχόμενος 14, 31
6161686811193,11342 ὑπηρετεῖν 2,19
42 434441 4, 26 6,413 40 ὑπηρετῆσαι 12, 21
1,638418,12189,1222 ὑπηρετῶν 12,10
11,912,22335314150 ὑπισχνεῖσὺε111
505151525656621818 ὑπό(ὑπ’ὑφ’)α.ρειι.1,811 15
868989949499999999 243345492,1611121319
10013,181211414251 191926293236454154
14 15 92 92 94 14, 19 21 22 54516161 6661 191319 3,

39 15, 4 9 16, 20 21 11,5
18,251122324242621
19, 4 29 42 43 20, 8 21,3 11
11 18 20 23 24 22,3 10 24,
42125,5619222826,3
8131516 2112928111
930, 6 12 39 31 31 32,134,
11 11 118, 1 1

ὑπερβαλλόντων 22,8

ὑπερβάλωνται 111232υ

ὑπερβολήν 13, 52 14, 38 S 1260

ὑπεριδών 2, 29

ὑπερεῖδε 8,14

ὑπερείδετε 8,1

ὑπερεσὺιν 21,19

ὑπερευδοκιμοῦντας 8,7

ὑπερήμερος 23,14

Μωωωμωωωω
ωωπωωοωοω
τωωπωωωωω
ωωπωυωωωω
ωωοωωωοωω
πωμυωωωωω
υμωωωοωωπ
ωωωωωωωμω
ωωωωπωωωω
ωωωωωωωωω
ωωωωπωωωω
ωωωωωωωωω
ωωωωωωωωω
ωωωωωωωωω
πωωωωωεωο
οωμωωωωμωο
ωωωωωωωωω

 

