46 δεῖ - δείσας

δεῖ193645257 77 773 δε1σ6α112,615,419,3736,
614,15 186111364554 313231,32

54557, 3428, 29, 13 δεόμενος 19,22116,1

21 1116,53 2, 34 376 δεομένου 5,]19,26 178,4
1113 13, 343313334133] δεομένης 13, οο
699614615616,91,9 δεομενοι24864 2213
226, 363621, 1222, 22 δεομένων1 13,26158,333
22 23, 13 24,2121 26, 57 δεομένοις Ph 23301
28,831,426 34 33818 δεομένους13,45211,17Ρδ2330
Ph 2340 ἐδεόμην 12, 11

δέη 16, 13 (δέῃ σεε δεήσῃ libri) ἐδεῖτο 11, 1

33, 13 ειεόμεοα 13, 33

δέοι 1,9 2,14 12,44 ἐδέοντο 2,7 3,19 13,25 66

δεῖν1342,,,237181416,15,,23132Ρ112320
781411,11313,52788183 δεήσοντα11 1,53
47(δε111511)1611321,118 δεήσεσθαι 271 14

(δει 11511) 22, 28 23, 1 24 3 δεησομένονς1 18 24
1526,1632,723 έδεηθη17,219,1225775,3

δέον 7,15 13, 84 85 21,23 S δεηθῆναι 14, 26 17,16 26,31
s 254 δεηθείς 8, 3 13 32, 2

δέοντος 16, 26 36, 21 δεηθέντος 19, 24

δέοντα 17,1 31, 21 δεηθέντες 14, 26 36, 34

δεούσας 32, 24 27 δεῖγμα 175,ss

ἔδει 3,17,22 12,216 13,37 δέδοικα 17,127,9 ’
3972 14, 21 29 37 16, 13 δέδοικας Ph 2310

19, 51 26, 12 28,8 36, 436 δεδοικότες 26, 18
31,3234,2188 δεδιέναι 1,36 7,128,629, 12

δεήσει 16, 15 f 16, 1 32, 13 33, 6

δεήσειν 2, 45 δεδιώς 1,44 3, 26 6,19 12, 25

ἐδέησα 36, 8 22,4 23, 15

, έδ δέησε(ν 1 3, 7 12, 17 δεδιότα 16, 17

δέομαιΙ, 21 17361 1621311δεδ1ότες 3, 36 13, 51 14, 16
11 ,11 12 426 62 15,1112 28,736,11Ρ112330
16,39 18,27 19,116421 1, δεδιότας 6,37 25, 22
11 19 21 23, 16 24, 21 25,3 ἐδεδοίκει 12, 56
32, 2 s 1, 2 Ph 2360 ἐδεδίεσαν 13, 27

δεόμεθα 26, 35 36 έδεισε(ν) 2, 26 14,,9 23, 12

δέηται 18, 21 δείσας 6, 45 24, 16

 

