ἐχρῆν - χωρίῳ 209

ἐχρῆν 3,22 1, 19 31 12,48 15, Ιχρόνος 2,154 3, 301,11 26,
522,1232,11013126 66Ρίι231*ι

χρῆν 1, 20 8,6 16 12, 31 50 20, χρόνου 1,11 12 15 3, 19 1,5
16 (χρὴ libri) 22,1 (id.) 88, 15 18, 26 19, 3 62 32,
χρήματα 1, 29446, 29 41 12, 20

181520 83 1493138 11, χρόνῳ 1,1(χρόνω 1111820 2,
919,21313431394860 111318485451586,20
20, 14 18 19 19 33 21, 8 16 201,112214212,213,5
21 24, 26 26, 23 21, 2 15 28, 66 56 83 83 93 14, 21 11,9
5911292456131430, 18,61919,1345535861
19 22 22 26 31, 15 32, Ι41 20,421,192525, 121626,
131520252834,3143 1121,1628,329,430,1
χρημάτων 1,450 2, 2529 1, 32,581133,1
2110,511,212,611411, χρόνον 1, 6 10 2, 31 38 49 66
518,2119,1314111122 · 18 18 3, 10 12 20 6, 30 1,4

25323642506120,3132 298,59,512,113,1184 ⁴

21, 1324221, 4 282929, 88144410 16,21811,4
12391130,19222531, 19,306021,26101923,
16 32,1 11 22 23 25 33,5 21524, 21 25, 28 26, 1 5 11
ιυορωιιιιιουιυιιω ουιομυυυοειιιουυιοο,
335 4 1112331 Ρ1ι2341
χρήμασι(ν) 6, 48 11,1 19, 58 χρόνων 26,21
21, 10 24, 11 25,421,328, χρόνοις 3,39 26, 13
16 291232, 11 ΡΙ] 232θ χρυσίον 12, 19 19, 26 21 41
χρηματίζοιντο (χρηματίζειν τὸ χρυσίου 119
libri) 25,3 χρυσοῦς 12, 19
χρηματίζεσθαι 12,6 χρυσῆν 19, 25
χρηματιούμενος 29, 14 χρυσοῖς 816
χρηματιστής S 1 334 χρυσώματα 156
χρησίμους 14, 43 Χύτρους 12
χρήσταις 32, 29 χώρας 2, 5 26 14, 36
χρηστός 3, 9 12, 26 32 13, 60 χώρᾳ 2, 23
19, 14 20,232 25,11 χώραν 2,314914,3334,9
χρηστόν 31, 31 χωρίδιον 19, 28
χρηστοῦ 14,42331 χωρίον 4, 20 1456914 11
χρηστοί 20,10 10 34 14, 26 11,8 813
χρηστῶν 31 , 25 χωρίου 1, 28 121
χρηστούς 16, 14 18, 19 31, 25 χωρίῳ 1,11 42 10,11

Index Lysiaeus. Holmes. 14

 

