14 ἐλεῶν- Ἑλλήσποντον

ἐλεῶν Ι20, 15 ἠλευθέρωσεν 14, 34
ἐλεοῦντες 2,14 13, 15 ἠλευθερώσατε 12, 91
ἐλεοῦντας 20, 34 ἠλευθέρωσαν 2,15
ἠλέουν 2, 61 ἐλευθερῶσαι 31, 31
ἐλεήσοντες 15,9 Ἐλευσῖνάδε 8,5 12, 52 25,9
ἠλέησα 21 , 24 Ἐλευσίνιον 6, 52
ἠλέησεν 2, 40 Ἐλευσινίῳ 6,4
ἐλεήσειε 10, 24 Ἐλευσινόθεν (ἐλευσινιόθεν libri)
ἐλεήσαιτε 22, 21 6, 45
ἐλεήσατε 4, 20 19, 53 20, 35 Ἐλευσῖνος 13,44
32, 19 Ἐλευσῖνι 2, 10 6,4
ἐλεῆσαι 20, 36 21, 15 ἑλικτῆρας 12, 19
ἐλεήσαντας 20, 36 ἕλκος 3, 41 43
ἐλεεῖσθαι 2,13 6, 55 13, 33 ἑλκύδρια 81160
18, 1 12 εἷλκον 3,12
ἠλεούμεθα 18, 12 εἷλκες 1,12 .
ἠλεήθη 10, 22 Ἑλλάς 2, 60
ἐλεηθείην 3, 48 Ἑλλάδος 2, 20 21 25 21 30 33
ἐλεημονέστατοι 24, 1 43 41 58 61 33, 1 2 1 ’
ἕλεοκόπαιν f 28 Ἑλλάδι 1,2 2, 60
ἔλεος 2, 39 Ἑλλάδα 2, 55 68 33, 31
ἐλέου 12, 20 ἐλλείποιμι 31,3
ἐλεον 12, 19 14, 40 28,11 ἐλλείπειν 2,4
ἐλευθερίας 2, 14 26 34 41 42 ἐλλέλειπται 12, 99 -
46 60 62 64 68 68 4, 12 5, Ἑλλήνων 2,11 21 22 34 42 42
312,1313,1118,242126, 455059 6, 16 12, 89 14, 19
2 28, 13 31, 32 34,11 19,4821, 1033, 5 1 34,9 11
ἐλευθερίαν 2, 18 33 44 41 23, Ἕλλησιίν) 2, 51 58 6, 18 19
91112 31, 26 33, 61 18, 15 25, 30 28, 15 33, 29
ἐλευθεριώτερον 8,16 Ἕλληνας 2, [21] 23 33 44 46
ἐλεύθερον 1,32 23, 12 4159 6,51
ἐλευθέρας 3, 23 [13, 66] Ἑλληνικοῦ 2, 9 38 48
ἐλευθέραν 2, 55 4, 12 14 25, 32 Ἑλληνίς 2, 51
26, 2 28, 14 Ἑλληνίδων 30, 18
ἐλεύθεροι 5,5 Ἑλλησπόντου 2, 28 12, 42
ἐλευθέροις 1,16 Ἑλλησπόντῳ 2, 58 6, 41 16,4
ἐλευθέραις 2, 18 19,16 20, 29
ἐλευθερώσειν 2, 24 Ι Ἑλλήσποντον 2, 29 6,6 14

 

