mmwnwauevm - κατηγορας 111

 

12, 91 13, 69 14, 324015, 2
21, 20 22, Β 25, 26 34, 6
καταψηφισάμενοι 13, 56 27, 7
8 16 16 30, 23
καταψηφισθέντα 14,12
κατίῃ 6, 15
κατιέναι 14, 34 25, 22 22
κατῄεσαν 14, 33
κατεῖπεν 4, 10
κατείποιεν 21, 21
κατειπεῖν 8, 4 13, 60 60
κατειποῦσαν 1, 18
κατειπόντες 7, 35
κατελεῆσαι 6, 3
κατειργάσαντο 2, 47
κατεργασάμενος 31, 9
κατεργασαμένων 31, 31 32
κατειργασμένοις 31, 9
κατέρχονται 13, 23
κατεληλύθατε 10, 4
κατεληλυθότων 18, 19
κατεληλυθόσιν 18,19
κατῆλθον 2,61 31,8
κατῆλθε 14, 36 28,12
κατήλθομεν f 78, 2
κατήλθετε 11, 1 16, 6
κατέλθωμεν 34, 11
κατέλθοιεν 12, 77 13, 78
κατελθεῖν 2, 65 16, 4 30, 16
34, 2
κατελθών 18, 9
κατελθόν 14, 34
κατελθόντα 14, 31
κατελθόντες 2, 64 13, 63 18, 18
25, 20 29 28, 13 34,11
κατελθόντων 26,19
κατείρηκεν 13, 50
κατέσχον 3, 42

 

κατηγορῶ 12, 62

κατηγορεῖς 7, 21

κατηγορεῖ 7, 32 33 24, 19 27, 8
30, 17

κατηγοροῦσι(ν) 1, 37 7, 35 12,
87 20,251617 ¹⁴88

κατηγοροίη 10,16 ,

κατηγορεῖν 12, 3 37 37 14, 1 21
21,20 22, 1 24,912 26,16
[29, 6] f 75, 6

κατηγορῶν 12,6’ῖ 100 30, 8

κατηγοροῦντος 27, 4

κατηγοροῦντα 6, 42

κατηγοροῦντες 8, 3 20, 18

κατηγορούντων 9, 14

κατηγοροῦντας 12, 2

κατηγόρουν 8, 11 20, 11 22, 1
3 25, 5 30, 12

κατηγόρει 1, 20 31, 20

κατηγόρηκα 14, 46

κατηγόρηκεν 3, 25

κατηγορηκέναι 13, 31 25, 2

κατηγορήσει 6, 13

κατηγορήσειν 22, 10 29, 1

κατηγόρησε 14, 3

κατηγόρησαν 20, 11

κατηγορῆσαι 12, 1 30, 12 28
31, 4

κατηγορήσαντες 19, 4

κατηγορουμένων (κατηγοροῦμεν
ὧν libri) 26,3

κατηγόρηται 12, 81 (κατηγορεῖτε
libri) 27, 1

κατηγορημένων 16, 9 21, 1

κατηγορημένα 12, 37 38 79 19,
11 27, 13 28, 1

κατηγορίας 7, 13 19 12, 1 16, l
20, 7 30, 9 31,3

