Q

ἀσπάζομαι 8 1 260

ἀσπαζοίμεθα 2, 75

ἀσπασάμενοι 13, 39

Ἀσπασία 812

ἀσπίδα 10,9912122122 11,
5677 13, 81 82

ἀσπίδας 10, 21 12, 19

ἀσπιύσπῆγιον 8 147

ἀσπιδοπλέκτης (ἀσπιδόπληκτος
libri) 8147

ἀσντιάοποιός 8147 ·

ἀστασίαστοι 33, 7

ἀστασιάστους 2, 55 ,

ἀστῆς 13, 67

ἀστικαί 17,3

ἄστικτον 813

ἀστοῖς 2, 66 6, 17

ἀστράβης 24,11 12

ἀστρατείας 14,7 15,14

ἀστρατεύτους 9,15

ἄστυ 12, 16 54 13, 24 8081 20,
12 31,8 32,8

ἄστεος 6, 39 12, 55 92 92 25,
2228 29,12 31,8 34,2

ἀστει 6, 38 13, 88 89 90 18,19
2Ο,11 2512182129 26,
161616 31, 1314

ἀστῶν 12, 35

’ ἀσφάλειαν 16,13 31,7

ἀσφαλέστατα 1, 42

ἀσφαλέστερον 7, 24 1 1, 4

ἀσφαλῶς 8,7 27,6

ἀσχολίαν 6, 34

ἀτακτοῦντας 14,18

ἀτάφους 12, 21

ἀτείχιστοι 33, 7

ἀτελεῖς, 32, 24

ἀτιμάζετε 31, 30 33

ἀσπάζομαι =

αὐτομαχεῖν

-.—.x..- ...ἠ-.-

ἠτίμαζον 16,5

ἀτιμαζόμενος 2, 27

ἀτιμίᾳ 31, 29

ἀτιμίαν f10

ἄτιμος 14,9 20,4

ἄτιμον 14,8 ,

ἄτιμοι 21, 25 25,11

ἀτίμους 12, 21 20, 35 25, 27

ἠτίμωσεν 10, 22

ἀτιμῶσαι 25, 26

ἠτιμῶσθαι 25, 24

ἀτιμωθήσονται 20, 34 ’

ἠτιμώθη 6, 25

ἀτίμως 32,17

ἄτοπον 10, 12 24, 8 12 26, 10
32, 21

ἀτοπώτατον 3,7

Ἀττικήν 12, 40

ἀτυχῆσαι Ρ112309 ’

ἀτυχήσαντες 2,9

ἀτυχήμασι (ἀδικήμασι 11511) 9, 22

αὐ 8, 77 19,4

αὐθέντης 8194 81125

αὖθις 25,9 (αὐτοῖς X: αὐτῶν
0) 30, 27 110

αὔλειος 1,17

αὐλείῳ 12, 16

αὐλητρίδας 4, 7

αὔλια 8185

αὐριον 26,-6

αὐτίκα 19, 46 63 30, 20

αὐτόιίι 12, 13 23,11

Αὐτοκλῆς 3,12 ·

Αὐτοκράτης 8,15

αὐτοκράτορα 13, 9 10

αὐτοκράτορες 6,13

αὐτόματον 6, 25 2, 79

αὐτομαχεῖν 81 102

 

.31·

