οῗς-οπερ 143
13162519,919 39 20,1 92 30,25 31,881232,11
1925 (om. X) 26 28 30 30 2128160118,4
34 21,520 20 25 22,510 ὅσου 6,2530
23,51324,491025,411 ὅσῳ 2, 13 4, 13 1, 39 10, 29 34,
1326,133(lib1·i:0m.Seheib.) 8 [f 1, 5]
1221,188111128,219 ὅσοι3,42435,41,11210,1
,9142513114 16162131 [1]11,3 12,30 35491592
31,4420242432,1810 95919810010013,3844
2133,,,,193441131162 14,,6,63333161119210
22132143151161Ρ11 20,,,,16242110234249
230111Ρ1123 11Ρ52321Ρ5 25,11 11128,131,3311011
2331 Ρ52321Ρ5 234
οῑς1,20362,4363,444,15 ὅσαιΙ 0,19
1,293538408,1310,32 ὅσα3,554,110,111,412,
12, 21 56 (οἳ libri) 58 60 (οὓς 19 40 13, [65] 95 14,3 28 11,
libri) 81 99 13, 8 94 11, 2 2 18,2 2 10 19, 32 4449 49
18,112219,486322,513 50 58 62 63 23, 11 30,24
21 23, 1024, 12 15 15 25, 3332, 28143154
20 21 29 26 13 2192816 ὅσων6, 41 19, 31 20, 23 Ph
29,230,1,233 219111119 231
οὕς, 121,4142224313141 ὅσοις 23,8
6,1010182428293034 ὅσους 12,3923,611,4 -
45 51 1,193443 8,3812, ὅσας 12, 39 [13, 65 651193
8 19 16 16 88 9413, 46 48 Sir
53 63 81 93 14,6 6 3640 ὅσον περ 32, 21
11,8 20, 34 34 36 22, 21 ὅσῳπερ 1, 24
(οἷς libri) 23,3 4 24,2 1825, ὅσα περ 12, 40
118 26,92429,13 32, 11 ὅσπερ 11,3
24 34, 5 ἥπερ 32, 4
ἅς6,381,242612,1613,88 ὅπερ 1, 39 3,912, 38 31,18
19, 20 25 32 39 30, 21 32, 143
1618ΒοΗ,Ι.150 οὗπερ 2, 31 10,11 13, 18
ὁσάκις 25,9 115, 1
ὅσων 12, 24 13,3 93 ᾧπερ 28,10
6σια13,91 ἥνπερ 1,12,1315,1221,19
ὁσίων 30, 25 24, 21 25, 20 181
ὁσιώτερον 13,4 οἵπερ 1, 22 18, 25
ὅσον 4,12 12,11 3694133 ἅπερ 8,910,625, 22 21, 12

 

