καὶγὰρ - γήρᾳ > 41

m*-

31 31 32 32 32 33 35 21,1 1211,712,13202713,13
69110131621 22 23 22,2 27295757 (ὅςγεῑ ὥστε11-
3688100121131315 7117 11105861 63 (δὲΧῆ 0111.
Ι172122 23, 3612 3 6 ν111ςο)698715,10 17,2(τε
24,11223469101112 11511)4618,319,13(
131416172020212223 . libri) 31 81495 (0111.Χο)
25,233367910121314 616220,1119313424,7
1515 16 17 19 20 21 22 23 20 2611181820 27,14
’24 25 25 26 26 27 28 34 26, 30,6(011]. libri) 27 31,2 10
245678141515151717 131923262829293234
19212121222227,268 34,8129140159Ρ112310
9928,6778810101415 γείσου81185 ’ ’
29,,112578101214302 γείτονες7,2811,3175,3
911106719202713531,4 γειτόνων 1, 147, 18
455891 10111 317 γείτονας7,1 18 178
202123 24 24 27 27 28 30 ἐγέλων, 1 13
33 34 34 32,8141 91212 γενναῖον 112 112
24 2629 33,12358934, γενναίως 81254
747891111,1514127 γένος14 4,1,18181115
130134134143146153, γένους141
4158162168175,113 γενει 186343
178, 2 179 1901921101 γεραίτεροι 2, 50
Ρ1123101Ρ11232οΡ1123300 Γεράνειαν 2, 49
000 οΡ112340 8125481260 γεροντα 20, 35
81286 γεωργός 20, 33
καὶ γάρ 1,7 3, 43 8,44 13, 52 γεωργῶ 7,11
14,33320,1124,34828, γεωργῶν 7, 29
13 29, 911 30,7 31,6 34, γεωργοῦντας 7,8
10 (0111. libri) 112 Ph 2310 ἐγεώργει 7,4 20, 12
καὶ γάρ τοι 2, 20 26 63 79 80 ἐγεώργησεν 7,10
27,10 30,4 γῆ 7,7 31,6
ἀλλὰγάρ2,,7732664048 γῆς2,,2,29721929135
507,9429,17 124099 γη 1297
22,1124,1421 25,11711, γῆν2,32 12,,1418419,42
35 32, 23 34, 4
γε (γ)1,123,334242 4,1 2 γῆρας24,8
(γ’ ἀληθής τάληθῆ libri) 6 13 γήρως 2, 78

15 6,123940 1813 8,ss γήρᾳ 113

 

