Πολύστρατος - ἦπου ’

12,20385377959713,62 πονήρως175,5
18,319, 29 57 20,521, 18 πόνον Ph231b
22, 1225, 12 3026, 3 30, 26 πόνων 2, 55
33,355175,4 πόνους Ρ11232Ῑ)
Πολύστρατος 20181118 Πόντῳ 22,1416,4
πολυτελῶς 7, 31 ἐπορεύοντο 2, 32
πολυφίλους 8,7 πορθουμένην 2, 37
πολυφιλώτερος 81328 πεπόρισται 29, 7
πομπήν 13, 80 80 81 82 πορίσηται 8,3
πονήσαντες 6,4 πορνευομένη 159
πεπόνηται Ρ11232ει ’ πόρνη 81284
πονηρίας 12, 78 84 86 14,9 32 πόρνης 4, 9
3818‚1122‚1624,229‚ πόρνην 4,19 ’
11 πόρρω 2, 70 7,611,4
’πονηρίᾳ 3,914, 35 37 πόσα 21,888
πονηρίαν 3, 30 44 14, 17 23 22, πόσων 26, 13
21 22 24, 2 20 25, 22 24 32, ποταμός ss 202
2123 · ποταμόν 2,4
πονηρός14,354319,6020,14 πότε 3,38 8,13 16, 17
30,1331,3 . ποτέ 3,16, 10 9,112, 29 34
πονηροί 6,4412,575 20, 10 13,21497814,4618,620,
1025,34 “ 16273121,72426,1931,
πονηρά 13,51 110 14 27 28 30 32,112
πονηροῖς 7,18,8 33,711,12ί53,2
πονηρους ν, ντ 8, α 24, 19 πότερον 1,344ο ν, 33 74 4, 15
28,1330,131,25(πονηροῖς 6, 46 7, 27 38 38 8, 18 9,1
libri) 10,3 13 23 11, 8 12, 25 35
πονηρότατος 3, 45 6, 45 14, 25 83 86 13, 74 14, 41 20, 3 22,
30,11 524, 24 26, 8 8 21 28, 10 30,
πονηρότατον 20, 32 26 31,24116,2
πονηρότατοι f 1, 2 ποτέρῳ 26, 21
πονηρότατα 30, 22 πότερα 4, 10 10 6, 25 20, 27
πονηροτάτων (πονηροτέρων li· ποτέροις 7, 38
bri) 12, 94 ποτέρους 3, 36
πονηροτάτους 18,11 f 75,4 πότους 16,11
πονηρότερος 6, 45 που f 75, 2
πονηρότερον 24,9 εἴ που 25,13
πονηρῶς 14,35 ἦπου 2,37 396,12 7,88,11

 

