166 ἐποιοῦμεν - ποιεῖσθαι

ἐποιοῦμεν 20, 31

ἐποιεῖτε 8, 5 12, 90

πεποίηκα 7, 31 11,1 25,7

πεποίηκας 10, 14 22, 5 30, 19

πεποίηκε(ν) 6,11 12, 34 13, 83
26, 23 30, 24 33 18

πεποιήκασι(ν) 12, 89 14, 42 42
25, 30 Ρ5 231⁸

πεποιηκέναι 13, 54 21, 8 28, 8

32, 27
πεποιηκώς 6,11 16,8
πεποιηκότος 3, 38 19,19
πεποιηκότι 14, 29
πεποιηκότες 3,19 37 12, 7 13,
92 14, 10 30,1
πεποιηκότων 21 , 22
πεποιηκόσιν 21, 20
πεποιηκότας 25,4

· ποιήσω 21,23111

ποιήσεις 28,6

ποιήσει 29,5

ποιήσομεν 34,-6

ποιήσετε 1, 36 12, 74 (ποιήσαιθ’
libri) 91· 15, 9 18, 15 20, 31
22, 21 22 25, 20 27, 6 7 28,
15 29, 13 30, 23 23

ποιήσουσι(ν) 1, 48 14, 22 27,
12 Ρ5 2310

ποιήσειν 1, 22 12, 9 14 14 68
13, 9 25, 28 26, 7 28, 431,
24 140

ποιήσων 22, 5 24,15

ποιήσοντες 12, 73

ἐποίησα 22, 3 24, 25

ἐποίησας 12, 34 (ποιήσεις libri)
13, 32

ἐποίησε(ν) 1, 31 32 33 3,7 5,3
6, 36 1364 76 28, 829, 3

---.------——

30, 1431, 8 1032, 2324 33,
2 1 1, 5

ἐποιήσαμεν 138

ἐποιήσατε 25, 27

ἐποίησαν 2, 6 (ἐποιήσαντο libri)
wnmfflffiffiffiffl
15, 6 25‚.30 31, 11 32,ss

· 33,6

ποιήσῃ 25, 21

ποιήσητε 20, 35 21, 14 24, 7

ποιήσωσιν 28, 14 Ρ1ι 231³

ποιήσαιμι 8,9

ποιήσαιμεν 34,6

ποιήσαιτε 26, 10

ποιήσειεν 31, 23

ποιήσειαν (ποιήσειεν libri) 28,
14

ποιήσαι 3, 36 4, 11 6, 14 35 52
55 7, 12 40 12, 538 13, 21
86 14, 36 45 18, 2 14 23 28,
1129,631,31111Ρ5233Ιι

ποιήσας 3, 23 6,1 36 49 7, 21
27 132 75 31, 24 32, 2

ποιήσαντι 7, 12111

ποιήσαντα 10, 22

ποιήσαντες 2, 18 13, 45 95 23, -
11 26, 2

ποιήσασιν 1 75, 6

ποιήσαντας 6, 6 14, 33 15,10

ποιοῦμαι 7, 25 26 12, 2 24, 26
32, 13

ποιεῖται 13, 88 14, 34 18, 15

ποιεῖσθε 6,16 9, 22

ποιοῦνται 4, 13 5, 34 9, 1 2 16
10, 11 12, 69 20,7 25,2

ποιοίμεθα 2, 75 76

ποιοῖσθε 25, 10

ποιεῖσθαι 2, 14, 8 18 6, 24 7,

 

