1'58

πάντων 1,7 36 38 2,4 11 18
24 26 47 66 79 3, 20 31 39
4,1 2 19 6,7 46 7,·284141

’ 9,310,811,412,267713,
862 86 93 94 14,2 3 36
16,616,1618,17 19,4 6
33 43 20, 32 33 24, 21 26, 16
16 27, 12 30, 11 12 29 31,4
12 32, 24 33,7 34, 2 129

πασῶν 1, 7 10 2, 73 12, 70

πᾶσαν) 2, 1'2 3 41 τι ατ 77
3, 36 7, 18 12, 67 13,1 41
97 14,16 33 34 16,7 1618,
12 21,14 22,3 19 26, 27
28,91129,1331,1124

πάσαις 14,9

πάντας 2, 46 61 7,12 16 16
18 10,7 1611,312,6013,
9214,4216,11 13 19,4 20,
8 21, 14 24,6101326,13
34 36 28,4 29, 2 32, 17 19

πάσας 1, 36 10, 21 11,7 12,
20

πάσχα) 7, 23 8, 2

πάσχομεν 28,16

πάσχουσιν 24, 18 fl, 3

πάσχοιμι 9,14

πάσχοιμεν 20, 16

πάσχειν 3,9 6,16 12, 26 18, 26
20, 8 30 22, 16 26, 20 34, 2

πάσχοντος 3,9

πάσχοντι 12, 14

πάσχοντες 26, 20 30, 30

ἔπασχον 7,12

ἐπάσχομεν 33,4

ἐπάσχετε 12, 89

πέπονθε1ν) 3, 6 8, 3 16, 8

πεπόνθαμεν 20, 36

πάντων - πατῆρ

πεπόνθατε 12, 96 100

πεπόνθασιν 14, 42

πεπονθέναι 9, 20 18, 12

πεπονθώς 9, 7 14, 2 26, 16

πεπονθότες 1,1 2,13 12, 36
18,]021,2632,118

πεπονθότων 12, 84 20,8 26, 1
32, 18

πεπονθόσι 12, 67 19,4

πεπονθότας 20, 32 21, 22 26,
18 34,1

ἔπαθον 3, 38 6, 40 8, 17

ἔπαθε 19, 61 30, 16

πάθῃ 32,6

πάθητε 12, 98

-πάθωσι Ρ11233θ

πάθοιμι 3, 48

πάθοι f 66

πάθοιμεν 20, 19 36

πάθοιεν 13, 94

παθεῖν 1,186,1264 8,1612,
60 13, 60

παθών 16, 10

παθόντες 12, 82 f 11 f 78, 2

πεπεισμένος 12, 16

πείσομαι 8, 20

πείσεται 6,13 20, 10

πείσεσθε 8,19

πείσονται 6,4 14,16

πείσεσθαι 1, 19 2, 36 77 12,2
13, 26 14, 43

πεισόμενος 22, 6 6

ἐπάταξα 4,11 16

ἐπάταξε1ν) 13, 87

’πατάξας 1, 26 13, 71 87

πατήρ 10,4 11,2 12, 4 66 13,
64 14, 17 27 16,4 17,2 3
18,423 19,19 4867 68 62

 

