Νικόμαχος- νόμον 133

Νικόμαχος 1, 39 30, 13 23 33 νομίζοντας 16, 13 21 21, 14
Νικομάχου 1, 36 3023618 ἐνόμιζον2,243, 135, 2 1,1

24 12,4041 1316 3013
Νικομάχῳ 30, 11 ἐνόμιζείν) 21,511,14383,2
Νικόμαχον 30,9 28 29 ἐνομίζομεν 34,1
Νικόμαχε 1, 20 30,5 19 ἐνομίζετε 8,5 8, 26 25, 20
Νικομένης 13, 23 νομιεῖτε 34,5
Νικομήδους 23,9 11 νομιοῦσιν 28,11
Νικομήδει 23,10 νομίσατε 19, 61
Νικόφημος 19,144 νομίσαντες 2, 21 14, 43 21, 13
Νικοφήμου 19, 11 12 42 νομίζεται 10,11
Νικοφήμῳ 19, 35 36 νομιζοίμην 25, 13
Νικόφημον 19, 35 νομίζεσθαι 12, 26 14, 26 25,16
νοθεῖα 81140 νομιζόμενος 16, 11
νομίζω 1, 3 41 3, 40 1, 5 9 10,2 νομιζομένης 12, 96

12, 24 31 13, 2 3 23, 16 30,9 νομιζόμενα 32, 8 140

31, 34 11,1 (νομίζων libri) νομιζομένων 2,9 ,

191 Ρ113301Ρ112340 ἐνομίζετο (ἐνόμιζε libri) 18, 6
νομίζεις 26,1 30, 55 11 ἐνομίζοντο 2,4
νομίζει 6,19 12923, 1211,5 νόμιμον 3,46 6,51 1393
νομίζομεν 6, 51 νόμιμα 6,16
νομίζετε 22, 1 νομίμως 153, 4
νομίζουσιίν) 25,5 21,13 Ph νομοθεσίαν 30, 35

232ο Ι νομοθετοῦντας 181
νομίζητε (νομίζεται Xk: νομί· νομοθετήσοντες 15,9

σητεΟ) 19,11 νομοθέτης 1,31 10, 30 11‚11
νομίζοιεν 10, 16 30, 21 31,· 21
νόμιζε 1,16 νομοθέτῃ 10,1 11,4
νομίζειν 3,4 23 36 4,15 5,3 4 νομοθέτην 30, 2

6, 53 20, 29 25,18 33,8 190 νομοθέτας 14, 4 30, 28

Ph 233b νόμος 1, 26 9, 10 14,1) 15,9
νομίζων 3,30 13, 1142 22,2 22,56131,21212881169

23,232,1 · νόμου2,,,,919616996910
νομίζουσα 1, 15 1814 816191

νομιζοντες2810 1423469 νομω219 19 10912111,6 ·

111,1,1,28136025623 14,121,5
29,1034,9 νόμον 1,28 29 303 33 2, 81
νομιζόντων 2,44115,6 6, 52 9,68 10,6 14 1611,

 

