τιμάσθω - τ1ς 191

τιμάσθω 2, 80 12, 64 18, 11 τιμωροῖσθε 29,9 ,
19191514 τιμωρεῑσοαι 9, 99 6,18 10,13

τιμώμενος 12, 68 -11,612,613,374 78 82 84

τιμωμένοις 191 1139115111519919,

τιμωμένους 31, 25 25 6 8 13 30, 33 33 35

ἐτιμᾶτο 12, 66 τιμωρούμενος 6, 31 15,12

τετίμηνται 17, 7 τιμωρούμενοι 13, 90 14, 19 25,

τετιμήσεται 31, 24 35

ἐτιμήσατο 3, 24 19, 48 τιμωρουμένους 6, 53 12, 35 (τη-

τιμήσασθαι 6, 22 ρομένους libri) ·

τιμησάμενος 6, 21 ἐτιμωρεῖτο 1, 40

τιμή 19, 63 ἐτιμωρεῖσθε 27, 5 ·

τιμῆς 2,9 22, 12 15 17 ἐτιμωροῦντο 25, 19

τιμήν 14, 33 25, 6 τετιμωρῆσθαι 9, 17

τιμαί 2, 79 , τετιμωρημένος 7, 20 25, 15

τιμαῖς 2, 80 26, 20 τιμωρήσεσθε 6,15

τιμάς 2, 66 25, 13 τιμωρήσοιντο 13, 78

τίμημα 19, 48 152 τιμωρησομένης 14, 10

τιμήματος 6, 23 17, 7 ἐτιμωρησάμην 9,14

τιμήματι 1, 29 27 , 16 16 ἐτιμωρήσασθε 25, 27

τίμιος 22, 8 τιμωρήσησθε 30, 23

τίμιον 22, 13 τιμωρήσασθε 12, 94

τιμιώτερον 22, 8 12 22 τιμωρήσασθαι 2, 8 16 7,16 10,

Τιμοθέου 19, 38 313, 74 14,2 ,

Τιμοθέῳ 19, 34 τιμωρησάμενοι 15,9

Τίμωνι 173 τιμωρηθήσεται 13, 1 31, 24 26

1 τιμωρεῖτον (τιμωρεῖτε Χ) 6, 3 ,τιμωρία 1, 2 33, 9 81332

τιμωρεῖν 6, 11 13, 1 41 42 13, τιμωρίας, 1, 4 2, 10 3, 42 43 6, -

Ι 92 92 94 1310,1312,889610025,
τιμωροῦντες 13, 51 9 27, 13 28, 1129, 11 31, 26
τετιμωρηκότες 13, 97 (ἀπορίας libri) 153, 3
τιμωρήσατε 13, 93 95 τιμωρίαν 1, 30 31 42 47 2, 16
τιμωρεῖται 13, 83 24, 2 175,6 64 12, 70 18, 18 19 25, 23
τιμωρούμεθα 13, 83 84 30,6 16
τιμωρεῖσθε 10, 30 11, 11 13, 48 τιμωρόν 18, 10
76 76 27 , 16 28, 15 τίς 2, 34 40 40 40 54 71 3, 41
τιμωρῆται 6, 41 6, 28 35 7, 28 8, 3 3 10, 24
τιμωρῆσθε 14, 12 26 13, 57 64 87 14, 21 35 43

 

