δεδίκασται - δικασταί

δεδίκασται 13 δικαιότερον, 1 49 2, 76 3, 44
δεδεκασμένοι 29,12 4,1137,33 9,14 12,3116,
ἐδικάσω 10,12 11,6 7 21 6,]125 29 28, 14
ἐδικασάμεθα 12,4 δικαιότεροι 20, 34
δικάσασθαι 1 1, 1 δικαίως 2, 6 43 3, 48 6, 25 55
Δικαιογένης 124 132 7, 5640 9, 19 10, 23 11, 8
Δικαιογὲνους 123 12 34 35 54 57 (ἀδίκως li-
δικαιολογεῖσθαι 134 1111) 57 78 7813151 56 57
Δικαιόπολις 81115 84941,4782331115,18 16
δίκαιος 9,9 20, 12 25, 14 31, 17 17,4 18,225 19,41144

332, 23 116,2 54 20,530 21, 17 22, 21
δίκαια 1,28 28 31 2, 17 46 3, 2447 25,18 26, 9 15 15

2147 5,1 6, 42 8, 18 10, 27,15 31,2633116,2143

21 12, 2586 13, 97 14, 47 δικαιώσεις 9,8

15,181112 19,264 21,12 δικαστήριον 6, 21 54 9,11 13,

22,222 23,16 24, 27 25, 12 26,630,334116,1

20 32,23 178,4 188 189 δικαστηρίου 10, 25
δίκαιον 1, 37 2,101419 6,3 δικαστηρίῳ 1,30 6,14 13, 35

71215 7,36 8,1011 9,22 3656 [65] 68 19, 55 30,10

12,29 13,3 14, 22 15,1 16, 11

9 17 ,1010 20, 30 22,6 25, δικαστηρίοις 30,3

4634 27,2 30,915 31,5 δικαστής 12, 81

1120 (ἱκανὸν libri) 34,10 δικαστοῦ 14,4

17 134157 188 δικαστήν 6,53
δικαίον2, 121761 9, 161920 δικασταί 5,1 6,33 9, 3 10,1

14,14 19,920,2228, 13188 45671111152021282930
δικαίῳ (ΑΒ Grosii habent 1καὶ 30 121 24 34 37 497

ὥσπερ; cett. ἑτέρῳ) 32, 5 741 13,1 13 39 4446 47 49
δικαίᾳ-26, 14 5262165167 70707 8289
δίκαιοι 20, 930 92954 4,1246711 1214
δικαίων 3, 2 9,2121 16,17 16 17 18 920 23283238

17, 3 18,1 ,1516789
δικαίοις 27,6 28, 10 17,151010 18,1912121320
δικαίους 19, 54 22 24 19,15911 723 28
δικαιοσύνης 2,14 112 29 34 39 42 45 53545864
δικαιοσύνην 12,5 20, 18 19 26 32 34 21, 1 13
δικαιοτάτῳ 6, 14 . 16 19 20 21 22 22 23 25 22,

δικαιοτάτην 1, 29 25, 10 16 7 11 18 19 20 23,116

 

