194 τοιούτοις - τοσούτων

25,128, 12 14 30928 34, ἐτόλμησαν 2, 50 68 12,2 14,
2 6 (τοῖς τῶν libri) 178,4 10 16, 8
τοιούτοις 1, 18 2, 3 7,12 14 τολμήσαι 12, 84 15, 6 21, 19
13,2014,1316,2120,12 11,12
21 , 20 25 28, 2 8 32, 17 τολμήσαντες 24, 7
τοιαύταις 5,221,25 24, 24 τόλμης 2, 40 3,1 25 45 6,9
τοιούτους 1,1 2, 44 75 3, 48 12, 22 41 14, 42 29,7 31,1
5,4 7,1 30 40 12, 41 13, 58 τολμηρός 13, 80 31,1
6416, 12 18,12 20, 31 21, τολμηρός 7,19
15 2213 26, 18 30, 13 28 τολμηρῶς 3, 20
f 53, 3 Α τοξότας 34,4
τοιαύτας 8,16 16,11 30, 9 23 τόπους 6, 28
τοιουτοσί 13, 61 ’ τοσαύτη f 36
τοκέαςτ, τε) τοσοῦτο 3, 34 ο, ιτ ιςτ
τόκῳ 32,15 τοσούτου 1, 45 3, 7 7, 38 17,
τόκον 10,18 1926160 1 7
τόκους 17,311,12 τοσούτῳ 2,¹ 73 7, 39 42 10, 29
τολμᾷ 14,3216,18 18,1919,5821,2334,8
τολμᾶτε 34,11 τοσαύτῃ 28,11
τολμῶσι(ν) 14, 4 19, 49 21,-20 τοσοῦτον 2,14 15 10 36 3,1
26,3 4,512125,26,911337,
τολμᾷν 15,630,24 42 8,14 20 10, 13 12, 1922
τολμῶντες 19, 51 50 67 84 93 17,2 18, 13 21,
ἐτόλμων 12,516,17 29,6 1224,1327,21030,1425
ἐτόλμα 3, 26 29 10, 6 14, 17 31,812,153,4
31,10 32,2 τοσαύτην 2, 2 56 57 4, 20 12,
ἐτολμᾶτε 14, 15 1914, 16 19, 51 31, 27 32,
τετόλμηκε 7, 38 19
τολμήσει 13, 49 15, 3 (τολμή- τοσοῦτοι 1, 27 12, 88 20, 16
σειε libri) f 1, 4
τολμήσουσιν 12, 78 τοσαύται 14, 16
τολμήσειν 2, 22 τοσαῦτα 12, 1 40 47 95 13, 52
ἐτόλμησα 3, 40 7, 17 19, 56 20, 141821, 11 21
ἐτόλμησας 13, 59 32, 15 24, 4 26, 4 28, 9 29, 13 30,
ἐτόλμησεήν) 1, 40 3, 22 39 6,10 33 32, 15
4913,7714,810383819, τοσούτων 3, 29 4, 12 6,38 7,
60 24, 10 31, 19 32, 20 27 17 12, 78 14, 35 25, 31 Ph
345199 231b

 

