ἡγουμένη -ἡκεν 91

59 20,6 21, 11 11 22,2 8
26,-1,931,1132,523118,3
Ph 234ο

ἡγουμένη 2,1 24, 22

ἡγουμένῳ Ph 232b

ἡγούμενοι 2, 14 18 30 49 11 3,1
42 6,44 9,1 12,3654 85 96
15,2 22 19 25, 19 212228
ffiQffiffimd

ἡγουμένους 12,100 16,,13 21,
19 25 26,9 31, 25

ἡγούμην 1, 14 31 38 2,1 3, 41

. 1, 21 10,2 12, 15 21,24 30,
11

ἡγεῖτο 12, 14 13, 80

ἡγοῦντο 12,145 13,1 19, 36

ἡγήσεσθε 0, 33

ἡγήσονται 12,3514,13 28,11

ἡγήσεσθαι 16, 226, 13

ῆνησάμην3,1

ἡγήσατο1,31 326,22 2313
31, 31 33,2

ἡγήσασθε 31,19

ἡγήσαντο 28,6

ἡγησώμεθα 28, 15

ἡγήσησθε 32, 19

ἡγήσαιντο Ph 231d

ἡγήσασθαι 1, 30 15,6 21, 21

ἡγησάμενος 3,11

ἡγησαμένη 1,19

ἡγησάμενον 31,1

ἡγησάμενοι 1, 29 2,1 192133
66 13, 21 22,18

ἡγησαμένους 14, 40 18, 25

Ἡγήμονα 32, 12

ήδως10,914,14,2035

110111610193825239 2

11434,66,92033501,1
1ndex estyiaeus. somme

8,12 1416 10, 30 12, 1366
1813,3614,4316,2011,4
5681018,4,1619,4618
31 51 55 20,14 22,16 18 24,
3, 6 16 25, 22 21 28 2668
21,3 28, 58 30,1 21 25 21
31, 16 24 24 32,9 34,1 (δή
libri) 10 115, 4 45

ἥδιον 1, 40 (libri ήδη vel δή)
12,61 13,4 25, 21

ἥδιστα 13, 54 19, 26

ἡδίστων 13, 46

ἥδομαι 21, 16

ἡδομένου ,12, 32

ἡσθήσονται Ph 233θ

ἥσθησαν 2, 26

ἡδονή 2,11

ἡδονῆς 21, 19 Ph 233b

ἡδονήν 19, 30 Ph 232b

ἡδονῶν 1, 26

ἡδονάς 19,10

ἦθος S f 260

ἥκιστα 13, 1 22, 13 26,9 32,1
10, 21

ἥκω 12,14133,3

ἥκεις 30,5

ἥκει3,254,,,913121984
24, 14 26,1

1ἥκομεν 21,10

ἥκετε 15,9 ,
ἡκουσήν) 12, 22 35 85 21,1

ήκειν 20, 21 1 1,4 115,3
ἡκων 1,13 12, 16

ἥκοντα 1,12 3,11
ἥκοντες 13,8

ἡκουσῶν 19, 23

ἡκον1, 111 119, 213210

ἡκενῙ, 114
1

 

