βουλεύσησθε- ἠβούλοντο 39

ούλιυνται 1,2 12, 85 15,111
22, 19 25 313233 30, 34

βουλεύσησθε21, 13 β
βουλεύσαισθε 26, 21
“ βουλεύσαιντο Ρ112311 ”’ βουλοίμην 1,12 8,·2
βουλεύσασθαι 2, 6 6 8 9,15 βούλοιτο 3, 5 1, 34 12, 884
. (βουλεῦσαι libri) 2521 20, 23 24, 25
, βουλευσάμενοι 14, 45 βούλοιντο 1,1244 131211
ἓβουλευσαμέ νους9,1 19 βούλεσθα16,18 81,0511, 123,
βουλευθέντες 2, 62 5153, 3
βου1ή3,1345910151821 βουλόμενος1,,14534 14212,
23262835404,1121819 611,355 43518223
1,15191122134363840 924, 81825 14 31,9134
421,1320222631416,1 115,2118,2
38912 511611920 24, 13 βουλομέ,νη48
31810111112131521122 βουλομνου 1919
2326 302231,,1183316 βουλομένῳ1,1121 1,,16125 16
βουλῆς 12, 69 13, 20202829 34119Ρ11234
5054 22,29 26,11 12 βουλόμενον 8, 1012,166 18,
βουλῇ 12, 4811 13, 323335 14 20,13
86 20, 1 22,]1130,1 βουλόμενοι 3, 36 6,,589 12,
βουλήν 6, 33 13, 192021 23 82 13 6121216 25 14, 15
25303652 222233010 25, 823 281,33011123
1101 114 31 1,32 βουλομένων 4,13 12,3159ι
βουλαῖς 24, 26 14,] 15,8 29,6 (βουλομένην
βούλομαι 1, 19 22 6, 54 10,3 libri)
15 12, 24 92 99 13, 38 62 βουλομένοις 1, 48 2, 64 6, 54
19, 55 22, 1 26, 16 30, 31 12, 26 42 16,] 18, 23 24, 18
81286 19 Ph 2341
βούλει 1,18 12, 34 βουλομένους 3, 25 13, 48 14,
βούλεται 3, 48 4, 5 8 20, 11 198 34 35 20, 36
βουλόμεθα 31,10 ἐβουλόμην 3 21 44 4, 313 8,]
βούλεσθε6,1333 1,40 19 54 12212862 ,581283
22, 11 ἐβούλου 1, 21
βούλονται 15,1 19, 31 25, 24 ἐβούλετο 1, 311 1,4 38 19, 18
Ρ523112011862,1,126511,3223
βουλῇ10 ,13 22,5 ἐβούλοντο 12, 21 1,311931
βούληταιῙ, 149 10, 318 8114 5921, 18301 12
15 3 ἠβουλόμην 25, 14

ού1ησθε 6, 32 22 4 ἠ ούλοντο 13,6

 

