ὥν

27,26728,1013314,29
151,03058913293233
31,3555791113192024
25 321 1 3 23 23 25 26 33,
334,37811,4514114
132167175,2346178,
144 ΡΙ] 2322 5 81259
ὢν81296
1,16313921,627329

υΝ,7411,042211,291,214
1565 364 64166] 73 85 85
(libriz om. Schelb.) 95 14, 10
17 (ῆνΟΧ) 25 25 25 30 44
15,11 16,2018,46619,41
6020,124111321,6724,
1322 26,311 15 30,2 532,
1224 34,3133135145
145 1 75,3 184 ΡΙ] 23111

οὖσα 29,1159175,3

ὄν 23, 731, 26

ὄντος1, 204,,,1718516127,
1421361 10,1 117221 ,819
119 20 262130 32 ΡΙ]
2341

ὀὔσης 2,35 38 7,4 17 27 10,22
22 12243 1295123114,
618,19 124453 221524,

, 1425,303131,2828

ὄντι 1213 13, 82 15,12 19,
15 23,1 24,7

ὄντα 2,16 6,33252 7,7 12,
59 13, 18 233842565981
92 94 14, 16 26 27 15, 12
18, 20 19, 23 33 20,11 35
21,12 23,612 24,1325,2
17 30, 15 31, 2 4 21 31 32,
133,3ΡΙ]231θ

οὖσαν 13, 40 325

„av

ὄντε14

ὄντες 1, 33 2,16177577 6,
13 7, 81253435 3653
90 94 97 13,163 14,14 15,
88 18,1882127 19,3 20,
110 16 17 2933353521,
10252219 25,31 26,19
31, 18 34 33,7 175,3 ΡΙ]
2331

ὄντων 2263750 6, 38 7,4
12, 1844 59 84 9495 13, 26
2682 1,43815 ,718812
11722271,19 23 201426
[21, 16] 2216,1251 26,1
27,14 223 31, 34 33,9
11,1

οὐσῶν 3,6 6,45 7,24 12, 16
18 28,3

οὖσι(ν) 3,17 ,5,2 13, 20 94
3224 ’ ’

ὄντας 1, 41 2, 63 74 80 4, 16
8712202167 78 13,211
647214,3316,111418,10
122220,1921,2523,624,
7131625,222530,1732 ,
321617 24 34,77ΡΙ]2321

οὔσας 2, 37 40 7,24 1238
322

ἦν 1,4667101114171719
2224294041424545216
29586078 2615223133
34384,510116,2438,7,4
6111415161616182024
2627 28378,36111314
9,710,72511,2212225
2627 27 29 31 48 49 52 57

’ 5862 6481 87 13,113 14 19

26 26 27 28 36 39 404155

 

