106

φρονήσωσιν 3, 43
φρονήσαντες Ph 231(1

φροντίζειν 7,17 26,9 30, 5

. φροντιζόντων (φροντίζων Χ 0)

12, 77
ἐφρόντιζον 3,16
ἐφρόντισεν 14,9
φροντίσαι 31, 31
φροντίσας 3, 29
φρούριον 31, 26
φρούρια 12, 40
φρουρίων 14, 35
φρουρῶν 16, 18
φρυγανοφόροι 8 1 257
Φρύνιχος 13, 73 25, 9
Φρυνίχου 13, 74 75
Φρυνίχῳ 13, 71 20, 11
Φρύνιχον 13, 70 70 71 72 72
73 74 75 75 76 20,11
φυγάς 7, 41
φυγάδες f 78, 3
φυγάδων 20, 28
φυγάδας 13, 64
φυγή 26, 18
φυγῆς 2, 33 7, 32 13, 74
φυγήν 3,4214,313828,13
φυλακήν 2, 32 12,16 25, 28
φύλακα 19, 31
φύλακες 27, 3
φύλακας3, 11 12, 4494 22, 16
φυλάρχῳ 15, 5
φυλάρχων 16,77
φυλάρχοις 16,7
φυλάττειν 7, 7 22, 16 26, 9

φρονήσωσιν -

τεφωριάισθαι

φυλάττοντα 12, 13

φυλάττοντας 1, 48

ἐφύλαττον 1,6 ,

ἐφύλαττεν 1,15 19, 40

φυλάξειν 2, 31

φυλάξοντα 29,4

φυλάττεται 14, 35

φυλάττονται Ρ11232“

φυλάττεσθαι 14, 44

ἐφυλαττόμην 3,13 8, 17

φυλάξασθαι 1101

φυλέτης 21,6

φυλετῶν 20, 2 2

Φυλῆς 13, 63 77 16, 428, 12
31, 89

Φυλῇ1ἑ 252
bri) 79 (id.

Φυλήν 125213, ι7 77178182
14, 33 26, 17

φυλῆς 15,5 16, 15

φυλήν 4,313, 79 23,2

φάσις 2, 78 19,18

φύσεως 2, 61 77 Α

φύσει 2,5 29 51 25, 8 31,6

13, 7 ι (Φυλὴν li·
12

φασιν 14 8ο 19, ου

φυτεύσαντα 11,4
πέφυκα 19, 1
πέφυκε 31, 22
πεφύκασι 7, 35
πεφυκότα 2, 29
φύσαντα 10 8
1 φάντες 2, 20
φωνῇ 6, 51
πεφωριῶοιλαι S 1259

 

