172 οιί γάρ δή που - πεπραγμένων

..μ-...-

12, 35 13, 57 69 25, 17 27, πράττων 1,1612,6418,5
15 30, 17 πραττούσης 12, 69
οὐ γὰρ δή που 4,1511,412, πράττοντες 1, 28 47 12, 43 49
27 31,28 · 13,186016,20[18,16]25,
ἁμοῦ γε’ που 24,20 · 1127,47 . ,
ποῦ 12, 52 81 70 πραττόντων 1, 28 12, 45 25, 19
πόόο 10, 16 30, 31 33,4
πόδας 6,15 πράττοντας 1, 27 12, 74 13, 51
πρᾶγμα 3,77,15208,1810, 31,10
2212,6813,5515,326,9 ἔπραττον 7, 14 19, 20 22, 12
Ρ11231ο ., 31,9
πράγματος 1,1 14 43 3, 46 6,3 ἔπραττες 7, 20
7,3212237428,119,1 ἔπραττε 12,426517,219,19
1213,7114,1622,823,1 20,4
26, 15 Ρ1ι232Θ Ρ1ι233θ πράξειν 12, 80
πράγματι 3, 16 7, 28 9, 5 13, 88 πράξουσι 12, 51
(γράμματι libri) ἔπραξα 1,4 ,
πράγματα 1,52, 29 3,32 6, 12 ἔπραξάν) 12, 3442 70 13,1 ,
7,18,710,152012,313, ·,18,223,13
5662325609320,613 ἔπραξαν9,161913,1631,11
1420 22 26, 3 27, 8 32, 2 Ρ112321Ρ112331
143 189. πρᾶξαι 2, 42 12, 52 70 13, 48
πραγμάτων 1, 35 44 3, 3 (τραο- 1 12
μάτων libri) 40 48 12, 90 93 πράξας 7, 32 12,3 32, 7
’13,318 14, 3516, 2025,8 πράξαντα 8,10
1012 14 18 23 25 28, 11 πράξαντες ’12, 35 Ρ1ι 2311
29, 10 31, 14 3212231442 πράξαντας 26, 20
116,1 1 178,4 Ρ11220Θ πράττεται 32, 24
πράγμασι1ν) 2, 3212, 65 13, 21 πράττονται 160
16, 3 20, 5 15 25,3 ’ πράττεσθαι 10, 18
πραόνως (πρᾷον άις libri) 24, 15 πραττόμενα Ph 233²
πραοτέρους 20, 21 , ἐπράττετο 30, 10
πρᾳότητα 6, 34 πέπρακται 3, 37 12, 7 81
πράττουσι 25, 30 πεπραγμένον 4,19. ,
πράττωσι 34,8 πεπραγμένα 1, 5 3, 3 9 14, 2
πράττειν 6, 33 12, 44 6314,14 17, 1 25, 13
16, 17 21 19,1822,1026,3 πεπραγμένων 2, 48 9,17 12, 37
28,7 31,511,2 77 85 13, 19 14,2 23 29 16,

 

