αἰτιάσασθαι - ἀκοῦσαι 7

αἰτιάσασθαι 7, 38 Ph 231b
’ αἴτιος 2,16 3, 20 40 47 6, 35

. τεωσωωαωω

49 57 79 82 82 86 87 87 95
14, 35 18,29 21,1718 25,
4 26121313 30,19

αἰτίου (αἰτίους libri) 12, 64 (αἴ-
τιοι Xk) 78

’ αἴτιον 1,15 13, 48 94 95 14,

· 163919,4930,16

αἰτιοι 2,70 5,3 6, 1313 36 43
16, 19 19,51 20, 20 20 25,

’ 63126,2527,2

αἰτιαι 18, 25

αἰτίοις 2, 27 5,2 18,9 25, 16

. αἰτίους 1,3 3, 36 12, 85 14,
24 16,1 25, 13 25 3535
26,13 “

αἰτιώτατος 12, 65

αἰτιώτερος 13, 57

αἰχμαλώτων 26, 24

Ἀκαδήμειαν(ἀκαοήμιανίίίιτί)18,
10

ἀκινδύνως 2, 45 7, 38 31,7

ἀκλεεστάτῳ 13, 45

” ἀκληρωτί 16,16

ἀτιμάζεις S f 188

ἀκολασίας 16,11
ἀκολουθεῖν 1,18 12, 12
ἀκολουθοῦντα 420. ·
ἀκολουθοῦντας Ph 232ἃ
ἀκολουθήσουσι Ρ11233θ
ἀκολουθήσασα 1,8
ἀκολουθήσαντα 2, 27
ἀκόλουθον 6, 21 21,10 ἰ
ἀκολούθου 32,16
ἀκολούθους f 67
ἀκοσμούντων 14, 12

ἀκοσμοῦντας 14, 13 21

ἀκοσμότατος (κοσμιώτατος Ιί-
bm') 3, 45

ἀκουσίων Ph 233⁰

ἀκούω 10, 30 13, 5577 85 19,
551446 26,3 (ἀκούω μεν;
ἀκούομεν libri) 16 31, 27

ἀκούετε 1, 3032 14,6 ι19, 24
58 25, 34 153,2

ἀκούουσι 1, 28 25,1

ἀκούοιτε 25, 21

ἀκούειν 8,15 12, 61

ἀκούων 8,4 19, 26

ἀκούοντα 11,9

ἀκούοντες 2, 38

ἀκούουσαι 2,5

ἀκούοντας 12,7

ἤκουον 1,15 6,2 ,

ἠκούετε 13, 62 19, 50

ἀκήκοα 10,11 23 19, 19 45

ἀκήκοας Ph 230ἰ

ἀκήκοεν 8,3

ἀκηκόατε 1,(43 3, 21 9,9 12,

ιωωηωωωωω, ,

10 32,28
ἀκηκοώς 10, 22
ἀκηκοότος 10, 28

ι ἀκηκοότι (ἀκηκοότος libri) 10, 26

ἀκηκοότων 19, 51

ἤκουσα 10,2 11,8 ,

ήκούσατε 6, 55 27,1

ἤκουσαν 2, 39 27 ,4

ἀκούσῃ 16,2

ἀκούσειεν 11, 10

ἀκούσατε 17 ,1 5 30,9 31, 14 23

ἀκούσαι 2,39 3,5 45 6,50.8,15
17 10,21[11,7]12,62’13,3
14,123 19259 21,1 27,8

 

