3)0000400500010,εο0

8110161322,,2626,930 νῦν1,3142502,26677377 ’

111314110116,2 Ph
231⁰
νόμοι 1, 27 34 511 22 10
νόμων1,149 10,1 15 491405
1126,928,,5302525
1532
νόμοις 1,26 50 6,810 10, 13
32 13 69 14 222235
1531157
νόμους1, 41353648 49 2, 25
3,22426,8 5,1299819
10,31313152611,69
14,3411154715,669
19,8 22,5 7 23,12 26,6 28,
13 30,2 3 3 17 26 28 3223
24127
νοσεῖν Ph 231d

’ νόσῳ 19, 41

νόσοι 24, 8

νόσων 2, 78

νόσους 153, 3
Νότιον 81 166
νουθετοῦσιν Ρ11 2341)
νουμηνιαστῶν 1 53, 2
νοῦς 192

νοῦν1 ,6 6111050,

0500010951

· 26389303442424253

7112151725278,914
01819000000
20 28 31 11,6 12,3 2329
32 42 64 85 9494 13,2829Ι
000000000
2104015,36171,818,20
23 9 9116323845
48 (τό νῦν; τοίνυν ΧΟ) 59
6162 20, 17 21, 19 25 22,
000000000
303326Η1551027236
671011121,,62839304
1117273031, 18193232
333332172334,3919
127143143

νυνί5,3 6, 432 48 48 7,1 26

000000002

000000001
000000000
εωηο00000
010000000

1428,1010152911330,
8932, 9178,1

019 νυκτος141 1217
13, 20 28, 7 30, 23 32, 19 νυκτὶῙ

1740424561

192 νύκτα 2, 46 163

Ξ

Ξεναινέτου 17,3
ξενίας 13, 60
ξενίαν 18, 10

ξένια 18, 12
ἐξενωμένος 6, 48

ξένος 20, 19 178, 2
ξένου 19, 19
ξένης 12, 98

, Ξένῃ 12, 97 ⁶
Ξένοι 6, 49 12, 35

 

