κηδεστής - κλαίῃ

κηδεστής 13,1 55 19, 13 17 κεκινδυνευκότες 25, 28
κηδεστήν 13, 2 19, 20 32, 1 5 κεκινδυνευκόσι 18, 7
· κηδεσταί 19,12 48 55 κινδυνεύσειν 2, 31 21, 7 24

κηδεστῶνΙ 199 ἐκινδύνευσείν) 6, 40 10, 27
κηδεσταίςΙ 19,16 29,2 ἐκινδύνευσαν 2,9
κήδεσθαι 8 4 κινδυνεύσωσιν 2, 23
κηδόμενοι 13, 15 κινδυνεύσαιμι 24, 6
κήρυκας 2, 7 κινδυνεύσαντες 2, 63 70 12, 97
κηρυχθῆναι 19, 63 κινδυνευθέντα 2, 54
Κηιιοί ss 200 κίνδυνος 2, 34 12, 31 13, 27 20,
ΚηφισιεύςίΚηφισεύςΧΟ) 30,10 31 31, 25 32, 25 34, 8 9
Κηφισίου 6, 42 κινδύνου 2, 26 31 35 40 44 4,
Κηφισίῳ 6, 42 18 6, 27 7, 36 38 40 19,3 56
Κηφισόδοτος ⁴f 78, 2 20, 25
Κηφισοδώρῳ (Κηφισοδότῳ li· κινδύνῳ 6, 49 717 10,51 31,
bri) 21,4 28 28
κιβωτῷ 12, 10 κίνδυνον1, 452121142125
κιβωτόν 12, 10 26 50324441952725
Κικιινοῖ 17,58 20 32 0,7 14, 15 6,13 16
κινδυνεύω 1,503,384,10 1724,127,631,734,7
κινδυνεύομεν 18, 27 19,0 κίνδυνοι 7,131,32
κινδυνεύουσιν 3, 2 κινδύνων 2,5 18 24 44 55 6,31
κινδυνεύῃ 1, 0 32 437,14 39 12,97 14,0
κινδυνευειν241 68751213 16, 35117 1,198 1,0320
13,,1,1,116014759635 28,1,1123310
117 821, 1622, 2024, 25 κινδύνοις2, 1540 43 47 47 61
29,11 34,8 74 10, 24 18, 23 21 , 25 28,7
κινδυνεύων 21, 3 14 33, 7
κινδυνεύοντος 12, 62 κινδύνους 2, 3 23 66 78 3, 47
ιιιοιιεοοιιι 4 13 ' κιο, ιο ι, νο ιααι 11,9
κινδυνεύοντα 8, 73, 7 (οιιι. libri) 13, 17 58 16, 12
κινδυνεύοντας 31,13,21,1124,1725,3328,431,
ἐκινδύνευον1,452,477, 15 3132,233,5
14,14 21,17 Κινησίας 21, 20 f 53,1
ἐκινδυνεύετε 30, 26 . κίονα f 75, 4 4
κεκινδύνευκα 3, 47 Κιιιιέων 6, 26
κεκινδύνευκε 11,9 κλαίω f 71
κεκινδυνευκὼς 21, 11 κλαίῃ 20, 34
Index Lysiacus. Holmon. 3

 

