Λαμπτρεύς (Λαμπρεύς libri) 12,
λάβητε 28,11 55
λάβωσιήν) 12, 100 19, 10 31 , 14 λανθάνει 6, 34
, 34,5 ’λανθάνειν 25, 34 Ph 234ο
λάβοιμι 11,1 Ι ἐλανθάνομεν 2,11
λάβοι 29,11 λήσει 4,16
λάβοιμεν 12, 83 20, 31 λήσειν 9, 1
λάβοιτε 12, 82 19, 38 (λάβοι Χ) λάθω 12, 15
61 λάθωσιν 21,6
λαβέ 9,8 λάθοι 19, 60
λαβεῖν 3,9344,513206,12 λαβεῖν 6,11,”152622,13
122412,91015363119 λαθών 1,12
8414,3118,1219,1516 λάρκος81139
25 21, 11 23,5 12 28,15 11 Λάχητι 3, 45
32,418193814 λέγω 3,204,41,2110,515
λαβών 1,30412,33,104,5 12, 14 41 951320 28 42
1,411,212,8101613,80 [66] 68 11 12 81 19,19 56
¹ 81 18, 10 19, 23 32 26,23 5620,1521,1024,931,14
116,1 118,1
λαβοῦσα 1, 19 λέγεις 116, 2
λαβόντος 31, 23 λέγει 3, 28 4,13 6, 9 12, 21,
λαβόντι 23, 10 13, 9 50 14, 35 24,15

. λαβόντες 1, 24 2, 10 12, 35 51 λέγετε 8,19 20

51608513,561420,18 λέγουσιίν) 1, 21 1, 40 12, 22 ’
21,6 15 34,8 89 15,5 18,16 19, 49 20, 32
λαβοῦσαι 2, 5 29, 6 30, 22 Ph 231ο
, λαβοῦσι 28,9 λέγῃ 13, 83
εἰλημμένα 28,5 λέγῃς 32,13
λαβόμενος 2, 60 λέγωσι(ν) 1, 36 22, 10

, [ἐλήφθη] 13, 66 λέγοιμι 8,4

ληφθῶ 12, 55 λέγοι 8, 14 12, 14 115,5
ληφθῶσι 14,18 λέγοιεν 8,12

ληφθείη 10,10 λέγε 1,18 10, 16

ληφθείς 6, 26 13, 61 18,5 λέγειν 1,28 2,146 3,510 46,
λαμπάς 31105 4, 2 12 6, 42 (λέγει libri) 42
λαμπρός 14, 25 1 1,2 42 8,2236121418
λαμπρούς 19, 63 19 9,1 10366931 11,3
Λάμπωνος 3,11 12, 22 29 33 42 86 90 99 -

 

