98 ἡξεις - ἡμετέρων
ἥξεις Ρ11232(1 22 27,15 30,18 34,9 124
ἡξει 6, 42 129 133 153,4 Ρ11230θ
ἥξομεν 34,11 ἡμᾶς 3, 12 182325474126
ἥξουσιίν) 2, 22 12, 88 Ρ11233(3 15 6,4 7,5 8,3 10,511,2
ἥξων 12,13 12,20252614,1816,45
mamam Sf246 17,818‚1010101222[22]
ἡλιαία 10, 16 S 166 23 27 19,28(ἡμᾶς, οὒκ; γε μὴν
ἡλίασις 8166 οὐκ Xk: οὐδὲν 0; γῆ μὲν οὐκ
ἡλιαστικόν sf 157 cett.) 44 45 54 20, 15 23 30 ·
ἠλίθιον 10, 16 , 30 30 31 34 35 35 35 35 35
ἠλιθίως 1, 10 ’ 36 24, 22 25, 23 35 26,22 23
ἡλικία 19,18 31315 30, 34 32,3 11 17 171 175,
ἡλικίας 2,49 50 5,331,18 11,5 4191 ’
ἡλικίᾳ 18,6 19,14 24,16 ἡμῶν αὐτῶν 21, 25 34, 4 6 10
ἡλικίαν 3,4 7 ,29 9,14 1’0,4 14, ἡμῖν αὐτοῖς 20,19
620,3323,7116,1 ἡμᾶς αὐτούς 2, 75 77 8,312,
ἡλικιώτης 20, 36 , 20 20, 19 33,8
ἡλίου 1,22 39 ἡμέρα 26,6
ἡμεῖς 3,528404,4156,51 12, ἡμέρας 1, 14 6,11 7,9 10,16
481 13,4 13 84 90 18, 20 26 20,1422,1212 24,1 32, 20
19,35931536120,3135 181164
35 22,6 25, 34 27,8 15 15 ἡμέρᾳ 1,22 37 2,16475412,
30,3532,2134,9175,2 73 23,6730,1111,4190
ἡμῶν 1, 30 (ὑμῶν libri) 3, 14 ἡμέραν 1, 14 41 3, 29 34 6, 26
21 4,4 6,2438 38394252 7,1514,2521,322,2028,7
10, 25 12, 25 100 (ὑμῶν li· 30,2 153, 24
511)13,539215,618,812 ἡμέραι 1,22
1721212419,2116120, ἡμερῶν 2,120,1430,4
18 31 32 22,2 25, 1 13, 22 ἡμέραις 2,3416,41620,10 16
20, 22 2427,71431,59 “ 23,9
34,4 7 18 178,3 ἡμέτερος 6, 54
ἡμῖν 1,916 35 45 2,58 3,15 ἡμετέρου 18,1 ψ
18 25 4,11010165,18,8 ἡμετέραν 2,59783,46 16,16

9 10,1512,18 33 13,3 89 18, 14 20,30 25,21 178,2
909292 14,217,134518, ἡμέτεροι 2, 23 32
12223252619,991222 ἡμέτερα 7,717,469Δ ,
26 5355642019 31 33 33 ἡμετέρων 2,612,19 18,21 21,
3536 21,25 25 22,11 15 24, 13 28,15 153,2

 

