ἀδελφοῦ - ἀδικουμένους 3

α--ψ-μ... ———-·----——-—-

ἀδελφοῦ 1,14 12,3 12 16 19, ἀδικούντων 9, 20 14, 10 20 15,
22 32, 17 6 2222 25,31 27,23716

ἀδελφῷ 13, 41 19, 40 28, 17 29, 9 30, 33 32, 21

ἀδελφόν 12, 23 14, 28 16,10 ἀδικοῦντας 2,16 6, 3 17 7,5
20, 2829 32526 8,2 12, 82 13, 78 14, 10

ἀδελφοί 12, 34 13, 67 32,4 15,9 20,77 2216 25,14

ἀδελφά 2, 64 56 27,151516 2891315

ἀδελφῶν 17, 3 29, 8 13 30, 31

ἀδελφοῖς 12, 92 [13, 65] 175, 6 ἠδίκουν 1, 38 2, 7 19, 7

ἀδελφούς 2,71 12, 83 ἠδίκει 14,8

ἀδεσπότους S 1297 ἠδίκηκεν 30, 24 33 31, 24

ἀδεῶς 12, 87 24, 25 27,6 ἠδικήκασι 9,12 12, 82

ἄδηλον Ρ11232θ ἠδικηκέναι 6, 30 20,6

’ ἀδήλου 4,7 ἠδικηκώς 6, 34 9,10 28,1

ἀδήλους 1, 33 ἠδικηκυῖα 4,17

ἀδηφάγους 139 Sf 103 ἠδικηκότος 20,19

ἀδικῶ 3,44,12 12,14 2511 ἠδικηκότα9,18

ἀδικεῖς 32, 17 ἠδικηκότες9,11 191,9820,15

ἀδικεῖ 13, 75 30, 21 ἠδικηκόσιν 24, 26

ἀδικεῖτε 20,12 · ἠδικηκότας 25, 26

ἀδικοῦσι(ν1 5,2 6,13 17 20 7, ἀδικήσετε 21 , 14
18,112,9814,2220,16 ἠδίκησεν 6,45

ι 2121,22,225,33527,13 ἀδικήσῃ 6,15
16 28, 3 30 ,9(ἀδίκως Xk: ἀδικῆσαι 24,7
ἀδίκοις cet 1,130 ἀδικήσας 3, 15 6, 28 45

ἀδικῇ 6,4 ἀδικήσασιν7, 13

ἀδικεῖν 1, 25 29 34 6, 14 14 32 ἀδικήσαντας 6, 34 9, 22
44727812 14 43 205 ἀδικεῖσθαιῙ ,1,582 124 1,296
615 1521221 27,51313 ἀδικούμενος3,3 12,23 1,14
30,1 1731,1 18185 ἀδικουμένη 31,22

αδικιυν 7 32 8 2 10 420, 22 ἀδικουμένῳ 8,11 10,4
23,2 ἀδικούμενον 3, 1 6, 24

ἀδικοῦντος 6, 42 14, 17 31 19, ἀδικούμενοι3, 19 18,1 27, 12 12
56 31, 28 ἀδικουμένων12,52 24,1834,10

ἀδικοῦντα 6,13 7, 2 39 43 25, ἀδικουμένοις 1, 35 49 2, 14 22
5 30,8 67 3,18 27, 13 34,10

ἀδικοῦντες 25, 18 32 27, 3 12 ἀδικουμένους 2,121467 10,13
32, 1 12, 98 25, 24 32, 21

 

