136 οἰκείων -

..ψ-ψ--σ-ι--η--ω-η

οἴεσθε

οἰκετων 3, 3 14, 14 23, 1 Pr 311 23 23 23 32 43 4, 3 12,

23111) Ρ11 232⁸ Ρ11 21411
οἰκείοις 14, 44

14 19 14, 28 19, 29 42 (οὐ-
σίαν libri) 3214 11,4

οἰκείους 14, 28 1,9,9 32,1 190 οἰκιῶν 12, 18

οἰκείας 33,8

οἰκειότατον 191

οἰκειότατα 29, 2 129
οἰκειοτάτοις 32, 19
οἰκειότερον 29, 3

οἰκειότερας 1, 33

οἰκειότητα 1, 6 118,4 S f 260
οἰκείως 1, 39 118, 3

οἰκέτου 183

οἰκέται 1,19

οἰκίδιον 1, 9
ᾠκοδόμησεν 12, 63

⁴ οἰκοδομηθήσεται 12, 63

οἴκοθεν 4,1 6, 54
οἴκοι 1, 22 41 32, 1
οἰκονόμος 1,1
οἰκος 19, 41 26, 22
οἴκου 1, 41

οἰκον 32, 23

οἰκων 28,3

οἰκετῶν 7, 17 (εἰκότων libri) οἴκους 12, 93 28, 13

1 15, 3 5
οἰκέτας 3, 33 4, 1516 115,4
οἰκοῦσι 21, 10
οἰκῶν 5, 3 19, 55
οἰκοῦντες 2, 62 33, 7 1 1, 3
οἰκοῦσαι 2,4
οἰκοῦντας 34, 7 7

οἰκτείρω 2,12
οἰκτείραντες 31,19
οἶκτος 2, 39

οἰκτρός 2, 69

οἰκτρῶς 32, 10

οἰνος (κεῖνος libri) 168
οἴνου 4,1

μοι 3,11 3, 43 23, 13 31,33 οἴομαι 1ο, 2ο 13, 31 11113,

14 124
ᾠκοῦμεν 12,4
ᾤκησε 12,4
ᾤκησαν 2,11
οἴκημα 115, 4
οἰκήματος S 1 326
οἰκημάτων 19, 31
,οἰκῆος 10, 19 19

52 22, 11 24,5

οἶμαι 1, 28 35 2, 81 4, 1 1, 36
(εἶναι libri) 8,1 10,1 11,3
12, 63 100 13, 19 36 32 33
33 43 51 52 68 14 83 83 85
19,45 21,11423,1315
24, 3 15 26, 41 28,4 12 30,
9 15 Ρ11 234b

0334 1, 13 33 311211, 14 οιει 1313141223
12, 3 1333 34 11, 3 13, 21 31341 1,3 3, 31 1, 23 13, 33
21, 1332, 13 11 11, 4 f 21 31 30, 21 31, 21

1134

οἰόμεθα 1,18

οἰκίᾳ 1, 18 12, 12 30 19, 31 οἴεσθε 6,533 1, 38 8,5 12, 91

32, 11

13, 43 13, 23 21, 3 22, 21

οἰκίαν 1, 46 25 33 38 40 41 3, 25, 18 32 26,12131429,1

 

