202

ὑφῄρηνται - φάσκων

ὑφῄρηνται 28,1 (ἀφῄρηνται li· ί ὑφηγήσατο 33,3

bm') 16
ὑφῃρημένον 29,5
ὑφῃρημένῳ 1425
ὑφείλετο 6,1 14, 31

· ὑφελομένσις 28,Ιο

Φαίδρου 32, 14

Φαίδρῳ 19, 15

“ Φαινιππίδης 13, 68

φαίνομαι 1, 36 9, 10 10, 4 11,2

φαίνεται 3, 23 21 4, 6 11 13,
91 194462 22,126, 1028,

Ι 129,1230,30119

φαινόμεθα 19, 49

φαίνεσθαι 22,12

φαίνονται 1 , 11 9,19 16,5 19,
36 22,9 .

φαίνωμαι 3,·4 16, 3

’ φαίνηται 25, 33

φαίνωνται 30,1

φαινοίμην 24, 8

ἐφαίνοντο 20,11

φανήσομαι 1, 21 25, 16

φανήσεται 12, 50 13, 19 81 18,
219,6325,1529,2

φανήσεσθε 18,15

ἐφάνη 19, 34 46

ἐφάνησαν 19, 45

φανοῖσθε 26, 10

Φαληρέως 21, 9

Φάληρον S‘f 163

φανερός3,26 4,231, 12 9,1(1
31, 13184 ’

φανερά 12, 32 83 20, 33 8 f

122

ὑπέστη 29,4

ί ὑποστῆναι 29,1
ί ὑποστάς 19, 19

ὑποστάντες 9,1
ὑφισταμένου 2, 29

φανερόν 1, 21 4, 6 1, 20 36 14, '
1522,31925,21 ον, 1331,

24 f 16, 2
φανεροῦ 1, 21
φανεράς 32,4
φανεράν 2, 22 61 12, 91 13, 37

18,432,2123119
φανεροί 8, 16 13, 92 25, 35
φανερούς 25, 29 29, 6
φανερῶς 4, 1 6, 53 55 1, 40 8,

5610,1912,56.14,2126 -

15,1019,430,81131,26 .

· 32‚‘234,6

’ φανερωτάτων 2, 55 ,

φανερώτερον 8, 12 25, 14

φανερωτὲριος (φανερῶς libri) 7,
1 1

Φαντίαν 21, 10

φαρμακόν 6, 53

’ φάσις 81209

φάσκῃ 10,9 13, 16 16 30, 11
φάσκωσιν 1, 36 25,11
φάσκοις 10,10
φάσκοιτε 8,12
φάσκοιεν 1,12
φάσκειν 1, 36
φάσκων 6, 11 1, 35 8, 10 10, 10
12, 21 34 68 14, 28 23, 11·
26, 24 30, 10 32, 1 24 ’

 

