περιέστηκεν- πιστόν

περιέστηκην) 2, 60 12, 64
περιεστηκότα (παρεστηκότα li-
bri) 13, 93
περιεστηκόσι 2, 32
περιεστηκότας 33,6
περιεστῶτος f 48
περιειστήκει 2, 36
περικαταρρέοντα 30, 22
Περικλέους 12,4
Περικλέα 6, 16 30, 28
περικεκόφασι 14, 42
περιέκοψε 6, 61
περιοικοῦσιν 1, 28
περιορῶσιν 33,1
περιορῶντες 34,9
περιεώρων 16,6
. περιπέπτωκα 1, 1
περιπεπτωκὼς 24, 10
περιπεπτωκότα 16, 24
περιπεσόντας 9, 22
περιεποίησε 13, 63
περιεποιήσατε 6, 41
περιέστρεψα 1, 21
περιτρέψαι 6,13
περιτρέχει 30, 21
περιτρέχειν 1,41
περιττόν 11,1
περιτυχόντες 13, 23
περιφανέστατον 3, 39 22, 11
περιφανῶν 9, 22
περιφανῶς 16,8
περιφερόμενος 4, 9
πέρυοιίν) 11,6 8 30, 20 134

πεφασμένως 10,”1919
πῃ 28,14 29, 2
πιεζόμενοι 28, 3

πίνω f 42

πίνειν 12,11

έπινον 3,11

ἔπινε (έτι μέν Χ) 14, 26

πιέτω f 16, 3

πιόντες 18, 24

πιούσας 8 f 264

πιπράσκεται 18, 20

πεπρᾶσθαι 36, 21

πραθείη 4,13

πραθέντων 19, 34

πεσεῖται 13,16

πεσοῦσα 1 , 19

πιστεύω 9, 21 16, 2 31, 34

πιστεύει 13, 88

πιστεύετε 19, 64 24, 14 30, 28

πιστεύοιτε 1, 46 16,1 25, 29

ummffifflffiffifflffl
19, 11 22, 11 26, 13 26,11
24 29,12 30, 1 32, 3 19

πιστεύων 6, 30 32 20, 3 22
26, 1 31, 2 ’

πιστεύοντας 24, 16 34,10

ἐπίστευον 1,6

ἐπίστευες 13, 26 28

πεπίστευκεν 12, 84

- ἐπίστευσεν 4,11

ἐπίστευσαν 2, 23

πιστεύσαι 12, 11 19, 61 24, 9
32, 18

πιστεύσαντες 2, 60

πιστεύσασα 31, 21

πεπιστευμένους 19, 13

πιστευθείς 26,4

πίστιν 1,19 12,9 21 61 18, 19
19, 32 26, 13 11

πίστεις 4,18 12, 11

πιστός 1, 43 12, 61

πιστόν 3, 29 32 1, 36 12, 66
13, 18

 

