80 .. ἑξακόσιοι -ἐξήν

ἑξακόσιοι 29,12

ἐξαλειπτέον 68

’ ἐξαλείφεις 30, 6

ἐξαλείφειν 166 30, 21

ἐξήλειφεν 30,3

ἐξαλεῖψαι 1, 48 16, 13

,ἐξαλειφθείη 6, 39

ἐξαλειφθῆναι 16,1

ἐξαμαρτάνει 30, 22
ἐξαμαρτάνοασήν11 6,1624 11
ἐξαμαρτάνεινλ, 126 3, 26 1, 26
8,112,2426,1626,611
21,630,24 168

ἐξαμαρτάνων 163, 1

ἐξαμαρτάνοντα 2, 16 12, 23 14,
16 30,32

ἐξαμαρτάνοντες 2,9 14, 18

ἐξαμαρτανόντων 14, 12 12 26,
16

ἐξαμαρτάνοντας 12, 49 2620
21,161166

ἐξημάρτανον3,33 1,16 12, 20 ’ '

ἐξημάρτανε 14, 26
ἐΜηῆιάρτηκε()3,6831 1289
ἐξημαρτηκώς 2611110
ἐξημαρτηκότος 16169
ἐξημαρτηκόσιν 26, 18 163,4
ἐξημαρτηκότας 261
ἐξήμαρτον 269 11
, ἐξήμαρτείν) 12, 60 20, 10 30, 16
ἐξαμάρτωσιν 12, 36

, ἐξαμαρτεῖν 1164

ἐξαμαρτών 4,19
ἐξαμαρτοῦσα 4,11
⁴ ἐξαμαρτόντας 26, 20
f ἐξαμαρτήσεσθε 26, 24
ἐξαμαρτήσονται 1, 41
ἐξαπατῶσιν 12, 38

ἐξαπατῶν 20, 20

ἐξηπάτων 20, 16

ἐξαπατήσειν 4,14

ἐξαπατήσῃ 1610

ἐξαπατήσωσι 64

ἐξαπατῆσαι 13, 10 31,16 34,1

ἐξαπατήσας 12, 63Ι 14, 36

ἐξαπατήσαντες 30, 34

ἐξαπατήσαντας 21,1

ἐξαπατᾶσθε 6, 41

ἐξηπατήθη 6,1

1ἐξαπατηθείητε 19, 61

ἐξαρκεῖ 3, 26

ἐξαρκεῖν 2616
ἐξή,1ρκει6 1,0919,66

ἐξήρκεσείν) 36201164

ἐξαρνος1,11193,2116,,83220

ἔξαρνον1 1332

ἐξάρνοις 12,31

ἐξάρνους 20, 19

ἐξηγγυήθη 23, 1011

εξειργειν 6,16,

ἐξείργασται 1102

ἐξεστε(ν,)11118324,96,91, 18
9,1,,2266302933,8144

ἐξῇ 30, 30

ἐξείη (ἐξῇ libri) 20, 23

ἐξεῖναι 2,2 3, 44 1,12 22,6
25, 3336517

ἐξόν 1,462,284,106,131,42
431011,8619,1620,23
24,26261,,418266304

ἐξιούσης 9,6

ἐξιοῦσι 12, 12

ἐξιοῦσαν (ἀξιοῦσαν libri) 261

ἐξῆν 4, 13 6, 62 1,2621 12,
3133 13,6221,132,23
119 Sf 283 ·

 

