20 ἀπήγγειλαν - άπασαν

ἀπήγγειλαν 2, 26
ἀπαγγεῖλαι 2,6 8,16
, ἀπαγγείλαντος 9,6
ἀπαγγελλομένοις 8,.12
ἀπαγγείλασθαι 12, 62
ἀπαγγελθέντος 22,13
ἀπαγορεύει 22, 0
ἀπαγορεύειν 10,6 11,3 81262
ἀπαγορεύων 22,1 ,
ἀπαγορεύοντος 9,6
ἀπάγοι 10,10 ’
ἀπάγειν 13, 86
ἀπάγων 1,19
ἀπάγοντι 6,18
ἀπήγαγες 12, 26 26
ἀπήγαγε(ν) 12, 30 34 62 13 ,
68
ἀπαγάγοι 12, 16
ἀπαγόμενον 11,6
ἀπαγομένους 13, 44
ἀπήγοντο 26,13
ἀπαχθείς ’26, 16
ἀπαγωγῇ 13, 86 86
ἀπαγογήν 13, 86 86

⁴ ἀπαθής 2, 21 6, 48
ἄπαις 1, 41 ¹
ἀπαιτῶ 21,26

ἀπαιτοῦμεν 18, 23 21

ἀπαιτήσοντες 11,4

ἀπαλλαγήν 29,10

ἀπαλλακτέον 6, 8

ἀπαλλάξαι 29,1

ἀπαλλάξας 6, 36

ἀπαλλάξαντες 2,16

ἀπαλλάττεσθαι 6, 63

ἀπαλλαττομένους 6, 63

ἀπηλλάχθαι 2, 44 6, 13 20 1,
36 9,8 32,2 81264

a—-n--n

ἀπηλλαγμένος 9,11(ἀπηλλαγμέ-
νοι libri) 32, 23
ἀπηλλαγμένοι 6,4
ἀπηλλάγη 1,11 6,,12
ἀπαλλαγῇ 6,4
ἀπαλλαγήτε 8,6
ἀπαλλαγῆναι 12, 46 14, 41 26,
12 28,8 30,34’
ἀπαλλαγείς 8, 20
ἀπαλλαγέντες Ρ11233(1
ἀπήντων 2, 24
ἀπήντα 6, 62
ἀπήντησα 1, 22
ἀπήντησεν 12, 31
ἀπήντησαν 2, 30
ἀπαντήσας 1, 39 3, 38
ἀπαντήσαντες 2, 62 62
ἀπαντήσονται 2, 32 34,8
ἅπαξ 24,9 26, 21 110
ἀπαραίτητος 2,18
ἀπαράσκευος 3, 33
ἀπαρτιλογία 8128 ·
ἅπας 26, 22
ἅπασα 1, 33 13, 46
ἀπαν 4,10 12, 14
ἅπαντος 9,16 11,6

. ἁπάσης 1, 41 2, 16 20 3, 38

ἅπαντι 2, 64 6,3 1996461

ἀπάση 1,2

άπαντα1,6611 1618 2,6618 ’
3,3ιο 41016 ποια 8,
109‚1910‚57 ιηι 13,4
202831 [96] 14, 42 11,61
20,10 21,10 απτ ατη
22 30212636 3238 19
ιταα

ἅπασαν 2, 46 62 3, 24 14, 42
αα, 14

 

