60 ἐδυστύχησεν —- ἑαυτοῖς

*Ἤρ- ...- ,- φ...- .....-...--.-----ι

’ ἐδυστύχησεν κου σσυσσσ 010 21,311 3021

ἐδυστυχήσαμεν 14, 18 ί δωδεκαέτης 11,2
ἐδυστυχήσατε τηου ί υσμσττσυ 12, 10
δυστυχήσειαν 2, 39 ί δωματίου 1,24
δυστυχησάσης 16, 15 δωματίῳ 1, 17 27 32,6
δυστυχήσαντες 2, 68 12, 35 δῶρα 3025
δυστυχησάντων 2, 32 δώρων 27, 34
δυστυχήσασήν) 2, 58 28, 15 δωρεάν 7, 4 10, 24 (δῶρον libri)
δυστυχηθέντα 2, 70 21, 11

δυστύχημα 24, 10 31, 10 δωρεάς 14,3131
δυστυχήματα 203 31, 17 δωροδοκοῦσιν 203
δυστυχημάτων 13, 48 δωροδοκοίην 21, 22
δυστυχής 2, 60 δωροδοκεῖν 2011
δυστυχίας 2, 72 76 29, 10 δωροδοκοῦντι 2011
δυστυχίαν 2,6 31, 11 ἐδωροδόκουν 2019
δυστυχίαις 2, 58 74 18, 3 δεδωροδοκηκότα 205
δυσχερεστάτῃ 24, 6 δωροδοκίαν 21, 21
δεδυκότος 1, 22 δωροξενία Sf 196

Ε

ἐάν 1,516323,2364749 3,4, 182440 23,7 11 12 24,2
95,46,14151541439,6 26,3431,91523 32,45
106912163011,3445 1824
66611 12, 1515 13942 χ ἑαυτῆς 31,21212222
52 76 76 76 82 87 97 14,58 · ἑαυτῷ 034354 12, 10 14,29
111112121313202122 2017 31,29
24 15,5 1033 19, 30 33 ἑαυτόν 2, 77 6, 21 12,66 14,
56 203134 21, 14 2016 1737 21,19 23, 1212 31,
25,4173333 20614151 915081296
27,79 2017 201314 30, ί ἑαυτήν 31,21
1171423 23 27 3014 25 ἑαυτῶν 1, 36 48 2661012
32,3634,788ί8110110Ι 1647555862637072 12,
(οτυίᾶνχί 11 f 16, 2 P11231c 314051 14, 21 1036 24,
Ph 232‘l Ρίτ233ιω 19 2018 24 27,10 31,6

ἑαυτοῦ 030 056 3, 34 6, 23 19 1312343
27 28 10,2 12, 23 13, 40 ἑαυτοῖς 12,40 (αὐτοῑςΙίδτί) 25,
14, 25 29 32 35 38 10219, 24 3031 31,629

 

