κεκομισμένον - κρίσιν

κεκομισμένον 32, 1415

κομιεῖσθε 12, 1029, 14

κομίσωνται 19, 51

κομίσασθαι 8,10 14, 21 19, 23
25,61132,115116,2

ἐκομίσθη 19, 24

ἐκομίσθησαν 13, 30

κομισθείη 13, 25

κομισθῆναι 4,13 13, 52

κομισθέντας 13, 44

κομπάζειν 6,18

κομπάσει 6, 48

Κόνων 19, 12

Κόνωνος 19, 19 34 35 39 42 44

Κόνωνι 19, 36

Κόνωνα 19, 35 35

κόρας 3,1

κόρακας 13, 81

Κορίνθιοι 2, 49

Κορινθίοις 2, 61

Κορίνθῳ 3, 45 16, 16

Κόρινθον 13, 61 16,15

κόρων 11,5

Κορώνειαν 3, 45

κόσμιος 1, 26 26,3

κόσμιον 1, 41 21,19

κόσμιοι 14, 41

κοσμίοις 19, 16

κοσμίους 12, 20

κοσμίως 3,6 16, 18 19

κοσμιώτατον 14, 29

κοσμιώτατα 3,4

κοσμιωτέρους 15, 9 22, 1921, 1

κόσμον 12, 19

κουρεῖον 23, 3 24, 20 32, 20

κεκραγότα 3,15

κρατεῖν · Ph 231(ἰ

κρατῶν Ph 233ο

ιιέτ

κρατούντων 33, 5 f 35

ἐκράτει 13, 26

κρατήσειν 19, 53

κρατήσας 4,5

κρατησάντων 2, 32

κρατεῖσθαι 2,19

κράτιστον 3,10

κραυγή 13, 11

κραυγῆς 2, 38

κρείττων 6, 32 26, 4

κρεῖττον 1, 40 2, 33 41 81 1, 21
10, 25 31,1

κρείττους 2, 53 12, 53 58 19 Ρίι
23210

κρηπιὸαίον Sf 185

κρίνειν 12, 82 222189 ’

ἐκριναν 9,1

κρῖναι 6, 54

κρίνας 4,3

κρίναντες 13, 68

κρίνομαι 1, 26

κρίνεται 28,10

κρίνεσθαι 26, 12 30, 30

κρινόμενος 30,8

, κρινόμενοι 19, 16

κρινομένων 12, 81

ἐκρίνετο 29,12

ἐκρίνοντο 13, 36

κεκρικότα 6, 54

κριθησόμενοι 13, 38

ἐκρίθη 13, 50

ἐκρίθησαν 21,3

κριθῆναι 12, 11

κρίσις 13, 36 50 22, 3 30, 11

κρίσεως 30, 35

κρίσει 30, 35

κρίσιν 4, 13 13, 35 63 25, 10
21, 8 30, 1

 

