ὑπογραμματέως- ὑφῄρηται 201

19 8 13 1637 4449 57 61 ὑπόλογον 28,113(ὑπὸ λόγον 11-
6420,228111,1516362113 bri)30,1 168121
Ω 16 11717191922,101 141 15 ὑπόλοιπος 19,8
1623, 9 24, 17 25, 2 13 13 ὑπολοίπων 19, 62
1415162426,241112 ὑπολοίπους11,4
12131927,3828,81415 ὑπομένοντες 13, 12
15 17 17 29, 1,1 30, 28 30 32 ὑπέμειναν 20, 6
32 35 31,4812 1819 22 ὑπομεῖναι 32,2
3211331010121818 ὑπομείναντι 13,27
29 33,334,211,23143 ὑπομείναντες 13, 63
143153,3154175,1178, ὑπομείναντας 2,46
2 4 P1231⁸Ph23222111Ph ὑπομιμνήσκων 13, 43
2330 ὑπομνήσειν 26,16
c. σία 2,1444 25 24 626, ὑπονοῶν] ,3
22 33,3 ὑπσπεμιρὺεὑσαΙ, 11’5(ο επιπεμ-
c. ασο. 2, 46 8,5 φθεῑσα X)
ὑπογραμματέως 30, 27 ὑπώπτευον 8,7
ὑπογραμματέας 30, 28 ὑπώπτευσα 1,,10
ὑπογραμματεῦσαι 30, 29 ὑπετοπούμην 9,4
ὑπεδεξάμην 1 78, 3 ὑπουργία 8 f 224
ὑποδέξασθαι 19, 33 ὑποφαίνοιτο 13,19
ὑποδήματα 32, 20 ὑποχείριος 11,9
ὑπόδικος 11,4 ’ ὑποχείριον 4,5 10, 27
ὑπόδικον 10,9 ὑποψίας 1,17 17
ὑποκριτής 149 ὑποψίαν 25, 30 32, 19
ὑπολαμβάνειν 13, 82 14,21 26,5 ὑπώπια 4,9
ὑποβάλωσιν 13, 25 ὑστατα 13, 39
ὑπέλιπες (ἀπέλιπες libri) 7, 20 ὑστεραίᾳ 23, 10 ¹
ὑπέλιπε 19, 37 , ὕστερον 1,11 15 24 2, 34 44
ὑπολίπω (ὑπολίπωμαι libri) 583, 39 45 7,11 42 13,5
31,4 13 13 56 83 84 14, 27 16,
ὑπολιπών 17, 6 15 16 18,’6 19 21,4 23,9
ὑπολείπεται31, 1513112311 25,33 26,21 31, 162424
ὑπολείπεσθαι 912,3 32,5 13111231(3
ὑπολειφθήσεται (ἀπολειφθήσε- ὑστέρῳ 2,1148
ται libri) 25, 18 ὑστέραν 13, 20 (ὑμετέραν libri)
ὑπολογίζεσθαι Ph 2319 37
ὑπολόγῳ 4,18 ὑφῄρηται 30, 26 Α

 

