182 ἐστρατεύσατο - συγγνώμην

----“.---.-.-

ἐστρατεύσατο 6 46114, 22 30 Στρομβιχίδης13, 1330 ’148167

18,9 Στροόῦης81 121 ,
στρατηγεῖν 14, 21 37 19, 14 στρωμάτων 3216

26, 20 στόραξ S 1 162
’ στρατηγοῦντος 2, 52 29, Ι7 σύ 1, 12 26 6, 49 10, 13 12,14
στρατηγοῦντας 13, 7 13, 48 53 58 61 61 87 87 87
ἐστρατήγει 19, 52 22,5 30,5 19 32, 9 15 1 16,
ἐστρατήγηκε 11 , 9 2 1 45 Ph 23411
ἐστρατήγησε 10, 27 σοῦ 10, 9 13 12, , 32 13, 26 27
στρατηγήσαντες 13, 62 27 28536111231111112321
στρατηγίας 11,9 σοίῙ 1,1,8217 20 2122 2210,
στρατηγός 12,6518,421, 7 8912, 26 34 13, 26 26 26
στρατηγοῦ 13, 79 21,9 27217 2826, 2028, 630,5
στρατηγῷ 9,4 511,612115116,1
στρατηγόν 2,,4213,1015,11 1271Ρ123Ρ12321Ρ1]
στρατηγοί 146113 233111 Ρ1ι23411 81261
στρατηγῶν3, 45 13, 13 (στρατι- σέ 1,16 16 21 26 7, 20 21 10,

ωτιῦν libri) 1830325378 8912 1311,46612, 24 31

4 211118, 3 19, 1252 3,32 53 32, 13116, 1 Ph
στρατηγοῖς 13, 62 2321 Ρ112341 8 1 260
στρατηγούς 12, 3614,1115,6 συγγένειαν 171

16,8 συγγενέστερα 1 12
στρατιά 2, 34 ¹ συγγενής 21,6 184
στρατιᾶς 2, 27 32 συγγενεῖς 18, 27 164
στρατιᾷ 14, 5 6 συγγενῆ 6, 53 20,11

στρατιάν 2, 15 21 28 συγγενῶν 6, 23 14, 20 123

στρατιώτης 6, 46 9, 4 συγγενομένων 6, 7

στρατιῶται 12, 38 · συγγεγόνασι 14, 41

στρατιωτῶν 14, 14 21, 10 συνέγνωσαν 9,11

στρατιώταις 20, 24 συγγνώμη 18, 19

στρατιώτας 1475 συγγνώμης 1,3 182,13,413,

στρατοπεδευόμενος (στρατοπέδῳ 53 14, 2 13 24, 17 30, 1 27
μόνος XO) 14,7 31,10 11 12

στρατόπεδον 2, 49 127120, 24 συγγνώμην3, 199 221 10,226
31,26. 30301111,119 1111122931

στρατοπέδου 21,6 79,11141401,8 20 19, 56

στρατοπέδῳ 12,4215,56 · 25,1 3528,2329,531,11

στρεβλωθείς 1354161] Ph 2331

 

