54 ’ διδόντες - δεδίκασμαι

διδόντες 15, 2 (διαδόντες libri)
25, 32

διδόντων 6, 36

διδόντας 15,4 25, 35

« ἐδίδου 2, 56

δέδωκας 10, 14

δέδωκεν 20, 22 30,4 179
δεδώκατε 10, 24

δεδωκέναι 3, 25 25, 17 27, 89
δεδωκώς 6, 34 12, 77 15,11
δεδωκότες 12, 82 14, 32 25, 11
δεδωκότας 6, 20 ’

δώσω 25,17

δώσει 6, 34 10,3
δώσουσιν 12, 35

δώσετε 20,19 29,13 111
δώσειν 0, 18 20

δώσοντας 28,5

ἐδωκα 4,13 16,14 32,15

ἔδωκε’(ν) 2, 66 3, 22 4,10 6,

, 2729 12, 18 19,15 (δέδω-
’ κεν libri) 40 20, 27 24, 22

23 30,4 31,21 32,8

’ έδοτε 19, 21 43 20, 19 24,7

22111

ἔδοσαν 12, 18

δοίην 24,1

δι’μη 6,19

δοῖεν 20, 21

δοθναι 1,12 2,7 3,]2642

¹ 10, 13 11,6 12,0 1126 37
14, 38 19, 12 13 32 21 17·
25,11 26,3 28,1 30824
326185

δυάς 6,12 12, 68 19, 34

δόντος 12, 78

δόντες 2, 47 13, 72

δοῦσαι 2,6

διδόμενον 24, 13
διδομένου 24,4
δέδοται 179
δεδομένης 25, 17
δεδομένων 1 78, 4
ἐδόθη 17,2
δοθείσης 6, 23 30,7
δίειμι 2,3

διελθεῖν 12, 16
διηγεῖσθαι 13,4 23,11
διηγούμην 20, 26

, διηγήσομαι 3, 3
“ διηγήσονται 17,2

διηγήσατο 1, 20 175, 2

διηγήσασθαι 1, 9 22 1 16,1

διηγήσωμαι 17 ,1

διαστῆσαι Sf 261

διισχυρίζεσθαι 13, 6585

διισχυριζόμενοι 13, 86

δικάζουσι 189

δικάζετε 12, 100

δικάζειν 1, 30 14, 5 12 26, 2

δικάζοντα 26,12 ·

δικάζοντες 22,18

δικάζοντας 10,1 14, 4 23, 2
187

ἐδίκαζε 13, 73 76

δίκασαι 127

δικάζομαι 10, 23 11,8

δικάζεται 127

δικάζονται 22, 22 11,3

δικάζωνται 10, 11

δικάζεσθαι 10,2

ἐδικαζόμην 17,5

ἐδικάζου 10,9

ἐδικάζετο 1, 44 [13, 65]

⁴ ἐδικάζοντο 17,3

δεδίκασμαι 21 , 18

 

