90 ἐρρήθη -

ἐρρήθη 23,11

ῥηθῆναι 2, 54

ῥηθέντων 32,18

ἔρως Ph 233b

ἔρωτος Ph 233ο .

ἔρωτα Ph 231a

ἐρωτῶ 12, 24

ἐρώτα Ρ1τ2340

ἐρωτῶσι1ν) 12, 12 34,6 (ἐρῶσι
libri)

ἠρώτων 1,25 8,14 12,8 23,3
6 32,26

ἠρώτα 115, 5

ἠρωτῶμεν 22,8

ἐρωτηθέντες 3,11

ἐρωτικῶς 1 1, 5

Ᾰὲσάίειν 6,2

ἑσπέραν 6, 51
ἑστίαν l, 21 ⁴

ἑστιῶντα 12,8

εἱστία 19, 21

ἐσχάτην 12, 31 ¹
ἔσχατα 6, 13 23 13, 60
ἐσχάτων 21, 8 16 30, 23
ἐσχάταις 12, 36 31, 26 .

ἐσχάτους 32,2
ἑταίρα 182
ἑταίρας 3, 43
ἑταίραν 14, 25
ἡταιρήκασιν 14, 41
ἑταιρήσοντα 3, 24

’ ἑταιρείᾳ 12, 55

ἑταῖρος 13, 19

ἑταίρων 12, 43

ἕτερος 6, 21 42 43 13, 61

ἕτερον 10,1316 12, 24 13, 13
19 16,16 81269

ἑτέρου 6, 3 12 11, 1

ἔτι

ἑτέρῳ 6,3

ἑτέρᾳ 6,45

ἑτέραν 3,13 36 6, 42 20,6
11,]

έτερσιθ,1 1641 12,20 49 65
1,,410161192 21,1114
1,126 3 30, 1431,1119

έτερα 12, 38 30,12 32, 22

ἑτέρων 2941596010 5,4
6, 34 43 54 1,122 10, 16
12,4261188485 16, 1316
21, 20 26, 1231 34 26,1
21,4 32,21 141 111233(1

ἑτέροις 2, 23 12, 84 24,11 21,
1130931113410

ἑτέρους 1, 41148 2911223
4461121220 ,1133166 13,
221 111311661412916, 1218,
19 211125,618202933
(ἑτέρου X: ἑτέρων C) 29, 5
30, 1628 31, 1328

ἑτέρας13,6218,620,4423,3
25,1132,1534,111,4166

ἑτέρωθεν 11,4

ἑτέρωθι 1,40 8110

ἔτι 1,24 2,21222611 3,18
35 4910111618 6,950
621,1134 812165116ίὶ
praeterO qui om.) 9,8 10,
11 28 12, 28 43 95 13, 26
31 36 46 46 96 16812 21
11,.368 18,18192219,9
1829 3659 20, 21 32 36 21,
2 24, 1619 25, 15 21, 1414
28,16 301916 19 31, 31
32,1433,8134166161
169 11123110 Ph232ae Ph
233d 81260

 

