δύνηται 6,7 13, 92 30,7

δύνησθε 27, 13

δύνωνται 32,1

δυναίμην 12, 46 23,1

δύναιτο 13, 49 51 14, 44 16,
12 19, 60 32, 29 ’

δύναισθε 6, 42 12, 84 (δύνησθε
libri)

δύναιντο 12, 37 88 28, 14 29,6
17 μειοῖ δύνανται)

δύνασθαι 2, 24 4,1 6, 24 10,
15 12,1 14, 18 25 16,16
17,1 18,5 24,4 25, 24 28,
131,232,1814153,4
111231(1

δυνάμενος 6, 48 7, 27 12, 59
99 14, 29 38 137

δυνάμενον 2413

δυναμένου 1 75, 6

δυναμένην 24,6

δυνάμενοι 2, 8 53 64 12, 56
21,20 25, 14 31,15

δυναμένων 2, 51 24, 1212 27,
530, 24 335

δυναμένοις2, 212 5224, 529,
931,11 113223 1)“1112336

δυναμένους1, 222, 1627,5

ἐδυνάμην 10,4 14, 46

ἐδύνατο 1, 27 12, 50 14, 35
36 37

ἠδύνατο 3, 33 6,2

ἐδύνασθε 13, 36

ἠδύνασθε 12, 99

ήδυνάμεθα7, ι

ἐδύναντο 2, 6512 236 60 85
(δύναιντο libri) 14, 20 25, ο
27,10 30,114

ἠδύναντο 31, 32

δυνήσεται 6, 34

δυνησόμεθα 30,19

δυνήσεσθε 6,15

δυνήσονται 2, 32 12, 45 ,

δυνήσεσθαι 13, 16 25, 33

δυνησόμενος 6, 22

ἐδυνήθην 14, 46

ἐδυνήθησαν 7,2

ἠδυνήθησαν 3, 42

δυνηθῶ 1,5

δυνηθήναι 18, 26

δύναμις 2, 58 13, 56

δυνάμεως 7, 21 14, 21

δυνάμει 2,15 14, 37 24, 25 27,6

δύναμιν 2, 1152 56 10,7 11,
412, 1476 14, 36 25, 22
115231 11111232ο

δυνάμεις2, 33 338

δυναστείας 2,18 9,14

’ 3333331513115315

δυνατόν 4,13 188 Ρ112340

δυνατοί 17, 3

δισσαί ωτεροι 31, 4

ὂύο7, 109,411,1112,710
13, 25 37 16,10 7266
19, 61 21,111 29,5 30, 22
32,4202814167

δυοῖν 1, 18 2, 33 6,8 12, 34
99 16, 14 19, 48 24, 12 30,
21 32, 20 24 2527

δύσερως 4,8

ἐδυσκόλαινεν 1,11

δυσμάς, 1 39

δυστυχεστάτην 10, 25

δυστυχέστεροι 18, 8

δυστυχοῦντοςῙ 8, 5

δυστυχοῦντας P h 2331

1δεδυστυχήκασιν1 1,441

 

