ψιλή - Ὠρωπῷ 211

10013,374614,1515,24 ἐψόφει 1,11
12 21, 22 24, 23 (ψήφῳ libri) ψυχῆς 22, 20 24, 3 f 89 (φυγῆς
26 30, 34 188 libri)
ψιλή Li ψυχήν 6, 23 43 20, 14 24 25
ψιλήν81144 29 32, 1281260
” ψιλοί (φίλοι libri) 14,14 , ψυχαῖς 2,4 18 31 50 53 62
ἐψιμυθιῶσθαι 1, 14 11 · ψυχάς l, 33 2, 515 24 40 10,
ψοφοῖεν 1,14 29 28‚3 ’

ω

ὧ1,124619111415111 891628,1268101012
232521282930323431 12161129,12519112
3139404143412,13,1 3014561912131819
3459101518212326. 2123243231,183332,
πῶωιηἩωπμξιηωηωνννπ
6,811334149551,151Ι 2833,134,1391111,1
01220213436384042 3114116,1143143148
9,310,145618111516) 161110115,11161’18,1
1820212829303012,1 241968οΗ,1150
31124 2631 3431 4969 ᾠδαῖς 2,3

11 14 1313815 18 26 31 ὤσαντες 1,24

32 39 43 44 46 41 49 52 62 Ι ὠμῶς 13, 63
[65161101011828992 ἐωνηκώς81 135
93939514124611112 ὠνουμένοις 22,8

14 16 11 18 19 2023 28 32 ὠνουμένους 28,9

384143 151561 89 10 ἐωνούμην (ὠνούμην habent li-
1101138912 151619 i b1·i)7‚4
2011,11018,19121213 ἐωνημένον 32,21

20 22 24 19,1 59 11 1123 ἐωνημένους 1,2

28 29 34 39 42 45 53 54 58 ὠνήσεσθε 22, 22
6420,181926323421,1 Ιὠνήν 19,43
- 131619202122222325 ὠνίοις 22,16

2216111 1811120231 ὥρας 11123411
1624,1331810111213 ὡραία14

15 21 22 23 26 251340 ὡραῖον 14,26
101214151118192123 Ὠρωποῦ 31,11

24 21 29 3426, 21 21,16 Ὠρωπῷ 20,631,914

 

