m προστιθέντες- πρῶτρι
προστιθέντες 1112311) προθέντες 27,8
προστιμήσῃ 10,16 προῦθεντο 12, 18
προσφάτου 18, 19 προύτιμήθητε 6, 50
προσφέρων 1,8 προφασίζονται 22, 13
προσενήνεκται 30,6 προφασίζεσθαι Ph 231h
προσηνέχθησαν 9,17 προφασιζόμενοι 8,16
προσφοιτᾷν 24, 20 20 πρόφασις 12, 28
προσφοιτῶσιν 23,3 προφάσει 6,19 13,12
πρόσχημα 6, 37 προφάσεως 9,15
προσεψηφίσασθε 6, 24 πρόφασιν 8, 3 14 9, 7 13 12, 6
πρόσωπον 1, 14 6, 15 13, 12 14, 1 24, 1 111234ἷῑ
πρόσωπα 134 προφάσεις 8,16 16
προτεραίᾳ 23, 11 19, 22 προχειρότατον 186
πρότερος 4,11 15 (πρότερον li· προχειροτονία Sf 181

bri) 34, 3 πρυτανείαν 30, 5
πρότερον 1, 12 39 2, 2 8 9 13 πρυτάνεις 13, 37 22,2

225962 65 73 74 3,7910 πρυτάνεων 28,9 ,

32 43 5, 2 7, 1 9 11 11 8, 2 πρυτάνεσιν (πρυτανεῦσιν libri)

9,1310,2012,2237176 6, 29 ·

98 14, 2 10 26 15,6 16,416 πρώην 28, 9

17,6 18, 19 19, 29 32 20, 11 Πρώταρχος 3,12

21, 14 22,424,1 721 25,8 Πρωτέας 7,10

23 26 26,8927,310 1229, πρῶτος 14, 37 33,1 81 ,157

430327 31, 24 31 32, 11 πρώτη 13,8

34,1112178,13Ρ11232θ πρώτον1,9121920222840

Ρ11233ει 2, 3 7 22 4, 10 6, 28 7, 2 15
προτέρου 7,522,8130 8, 3 8 10 20 9,3712,519
προτέρας 2,5 14 67 4,1512, 42 48 65 9295 13,4 7 17
’ 65 14, 38 22,9 27 27 30508697 14,416
προτέρῳ 13,10 21 16,310132017,3818,
προτέρᾳ 25,19 1 19, 12 19 20, 6 23 21, 6
προτέραν 25, 9 22,1 5 23, 4 58 25, 8 26, 23
πρότεροι 22,14 27, 3 29,6 30, 4 19 31, 14
προτέρων 2, 22188 ι 32,281218175,3178,1
προτέροις 2, 2 47 1412331
προτέρους (πραοτέρους libri) πρώτης 14,11 16, 15

12, 66 ) πρώτῳ (πρώτω Χ1) 1, 7
προῦθεσαν 9,15 ) πρῶτοι 1, 24 2,18

Index [πνείουσα. Holmes. 12

 

