τὲ -τέσσαρες 189

20,711 19 2122232427 τελευταῖον 6, 3032 8,5199,
30343521,9111222,21 1710,1812,487113,47
22 23, 4 57 8 10 10 11 11 14, 38 29,3 30, 29
16 24, 15 26, 9 13 27, 7 28, τελευταίας 18,4
17 29, 9 31, 3 (ἐγώ τες ἔγωγε τελευταίᾳ 1, 22 21, 9
libri) 5 14 25 33, 1 140162 τελευταῖοι 19, 6
169 175,2 Ph 2319 Ρ1ι 2331 τελευταίων 16, 18
Ρ112341) τελευταίους 8, 8
τέ...τέ 2, 78 12,6164 13,8 τελευτῶν 8, 10 14, 26 32, 12
ει ιε, 18 31, 19 νο νε '
τέ...τέ...τέ 12, 99 (primum τελευτῶσα 1,20 31,20 32,11
om. libri) 19,13 17 29 τελευτῶντες 12, 60 25, 27
οὔτε (μήτε) ...τέ 12, 44 72 19, τετελευτηκώς 32, 26
55 τετελευτηκότος 174
Τεγεᾶται 2, 46 τετελευτηκότων 2, 74
τέγους 3,11 τετελευτηκότας 2, 80
τειχιζόντων 2,44 . ἐτελεύτησείνλ 1,7 11,917,3
τεῖχος 2, 45 45 13, 14 26, 21
τείχους 20,28161 ἐτελεύτησαν 2, 70 79 13, 95
τείχη 2, 63 12, 40 63 68 70 13, τελευτήσειαν 13, 39 45 (τελευ-
12 14 15 34 46 14, 33 18,5 τήσαιεν libri)
28, 11 30, 22 34, 3 τελευτήσαι 1 53, 4
τειχῶν 13,8 89 14 14, 39 16, τελευτήσας 21,24 28,8
, 434,4 τελευτήσαντος 14, 27 32,15
τεκμαιρόμενος 0, 20 τελευτήσασαν 24, 6
τεκμαιρομένοις 31, 20 τελευτήσαντες 12, 88
τεκμήριον 3, 45 4, 12 13, 20 73 τελευτήσαντας 6, 20
15, 5 16, 11 19, 25 56 21, 6 τελευτήν 2, 47 66
922,1124,1125,5,26,17 τέλος 6,201102
29,1 τέλους 6, 30 19, 11 20, 14 21,
τεκμηρίῳ 24, 12 30, 15 19 25, 17
τεκμήρια 3, 23 7, 42 12, 33 19, τεμεῖν 14, 33
45 53 Ρ1ι 233Θ τεμνομένην 34, 9
τεκμηρίων 4,12 7, 37 ἐτέμνετο 7,6 ,
τεκμηρίοις 1, 227, 33 12, 51 τεσυαράιιοντα 19, 22
24,5 31 , 34 τετταράκοντα 6, 46 19, 15 40
τέκνων 2,7411,1012,96 43 50 51 32628 [29]
τελευταῖος 31, 31 τέσσαρες 1, 22 22,8 (δύο libri)

 

