80 ᾰρχειν Α· danem<

 

ἄρχειν 2, 51 12, 4448 19, 57
57 25,14 26,3911 30,5

ἄρχων 5,3 15,3 26, 21

ἄρχοντος 7,911 9,617,319,
28 21, 1 1 2 3 4

ἄρχοντι 12, 52

ἄρχοντα 12, 59 19, 35

ἄρχοντες 12, 43 20, 5 22, 6
25, 30

ἅρχόδσαι 2,5

ἀρχόντων 6,433 12, 25 14,21
15,5 16, 16 22,5 710 24,
13 28,15 30,3

ἄρχοντας 7, 22 12, 54 22, 8
28, 5 15

ἦρχον 20, 6 28, 2

ἦρχε 4, 11

ἤρχομεν 34,9

ἄρξουσι 12, 51 26,9

ἄρξειν 2,21 18,5 26,8

ἄρξοντες 14, 34 28, 7

ἦρξε(ν) 14, 36 18,10 20,555

ἦρξαν 12, 43

ἄρξας 20,56 21,18 24,26

ἄρξαντα 25, 14

ἄρξαντες 2, 55 13, 62

ἀρξάντων 2,60 26,9 30,4

ἄρξαντας 17, Β 25, 27

ἄρχεται f 15

ἤρχετο 26, 2

ἤρχεσθε 12, 92 94

ἄρξομαι 13, 4

ἀρξόμενοι 28, 7

ἠρξάμην 22,4

ἤρξατο 18, 11

ἄρξασθαι 12, 1

ἀσεβείας 2,1ο 6,11 12 21, 20

ἀσεβές 12, 24

 

ἀσεβεῖς 6,44
ἀσεβέστατον 1⁸53, 1
ἀσεβέστερος 6, 17
ἀσεβῶ 30, 17

ἀσεβῇ 6, 4

ἀσεβεῖν 6, 11 30, 17
ἀσεβῶν 6, 48
ἀσεβοῦντα 6, 54 55
ἀσεβούντων 6, 10
ἠσέβουν 1, 46

ἠσέβει 6, 17

ἠσέβηκε 6, 21
ἠσεβήκασι 14, 42
ἠσεβηκότι 6, 54
ἠσεβηκότας 6, 20 36
ἠσέβησεν 6, 30 52
ἀσεβεῖσθαι 2, 7
ἠσεβημένα 6, 5 6
ἀσεβήματος 6, 13
ἀσεβήματα 6, 16
ἀσεβημάτων 6, 31
ἀσελγαίνειν 26, 5
ἀσελγῶς 24, 15
ἀσθένειαν 12, 76 31, 15 33,4
ἀσθενής f 35
ἀσθενεῖς 2, 56
ἀσθενῆ 12, το
ἀσθενέσιν 24, 18
‹inoff-mmm< 1, 2
ἀσθενέστερα 13, 5
ἀσθενέστερον 24, 7
ἀσθενεστέρων 2, 12
ἀσθενεστέροις 24, 27
Ἄσίας 2, 2127 28 40 43 57 60
ἅσμενος 1, 13
ἀσμένη 1, 12
ἄσμενοι 22, 14
ἀσμένως 3, 29 13,11 21,18

