ταλαιπωρεῖν - τὲ

Τ

ταλαιπωρεῖν (ταλαιπωρεῖ libri) 1 τάττειν 11,5
31, 12 ἐτάξατε 1, 29
τάλαντον 6, 18 12910 32,6 τάξαι 14,715,831,9 ’
6 20 τετάχθαι 9, 20 15,6
ταλάντου 17 ,7 τεταγμένος 14, 11 11 16,15
ταλάντοιν 19, 48 32, 25 τεταγμένης 17
τάλαντα 12, 11 59 14, 37 17, 2 ταξάμενοι 153,2
19, 34 40 40 40 43 46 40 46 ἐτάχθησαν 2, 31
49 5051 52 596121, 229, ταχθῆναι1 15,6
630, 20 22 32,5 1131420 ταφῆς 12 96

. 2829 ταφήν1 12,118 819 59 31 21

ταλάντων 19, 42 46 47 47 48τ τάφῳ 2,160
292 30, 20 32, 29 τάφους 2, 63 ’
ταλάντοις 30, 20 21 21 τάχα 8,3
ταμίας 21,1433,5 ταχεῖαν 12, 76
, ταμίαν 29,3 ταχέων 2, 26

’ ταμίαι 9,7 ταχέως 18 1825 30 282 ’
ταμιῶν 9,811 τάχιοτα, 1 413,8 13 19 1031
>ταμίαις9,6 13, 247818, 1028,5611,6
ταμιευόντων 21, 14 11 75, 6

ἐταμίευε 19 40 τέ,,1172 1317 3,140 82
τεταμιεύμεθα 30,3 23, 325, 3457511156) 31, 2
ταξίαρχος13, 79 82 32, 1 22 156 175,1

ταξιάρχῳ 3, 45 τε καί 2, 32 49 3, 29 34446,
ταξίαρχον 13, 79 1,155 1,616 12 34 7,636 10, 20 20 26
ταξιάρχων 1,3 1318303253 (οιιι.11511)11,912,1215,10
ταξιαρχοῦντας 13,717,10 19, 23 29 20,18 25
τάξεως 1411 2732853015 20 23 345
ταιν 13 82 1,1452 15,511 τε...καί 1,462,616,2639

6 6312,8190 39464649613,6374,8
τάξεις 14,1516,16 9(γε111)ιί)116,814428,3
τάξεων 2, 46 12, 30 (01611511) 414449 50
ἐταραττόμην, 117 54 57 62 66 70 74 [35] 92
ἐτάραξε 6, 36 10013,451314214157
ταραχῆς6,3536 71 7781114321 1,15 17,2
ταραχαί 1253 358 8251926 29 5664

 

