28 ἀποχωρίσαι - ἀριστερᾷ

ἀποχωρίσαι 16,6

ἀποψηφίζεσθε 30, 30

ἀποψηφίζοισθε 14, 23

ἀποψηφίζεσθαι 12, 91 13, 96

ἀποψηφιεῖσθε 12, 90 13, 93
14, 17 31 27,79

ἀποψηφιεῖσθαι 6, 37

’ ἀπεψηφίσασθε 12, 34 14, 43
22,21 27,4

ἀπεψηφίσαντο 13, 38 96

ἀποψηφίσησθε 6, 42 12, 100 >

28,16
ἀποψηφίσαιτο 30, 26
ἀποψηφίσασθε 13, 96 22,6
ἀποψηφίσασθαι 6, 46 14, 22
19, 61 20, 36 22,17 27,13
ἀποψηφισάμενοι 21, 25
ἀποψηφισαμένοις 22, 17
ἀποψηφισαμένους 12, 91
ἀπράγμων 132
’ ἄπρακτον 7,6
ἀπροίκους 19, 15
ἀπροσδοκήτοις (ἀπροσδοκήτως
libri) 7,1
ἀπροσδοκήτως 1,11
ἀπροφάσιστον (erat ἀποφασί-
στως) 61260
ἡπτόμην 3, 37
ἅψεται 1,36
ἥψατο 13, 71
ἀπώσομην (ποιήσομεν 11510343

ἄρα 3, 30 40 6,11 10, 22 12,

36 30,7 31, 28 Ρίι 233⁰
ἄρα (ἀρ’) 8,12 10, 28 26,7

13 31,2125 111 132
Ἀργείων 2, 8 10 ¹
Ἀργείους 34,7 ’

. 12131316 6,12 7,39 8,10
9,6 10,1812,141913,72
14, 26 19,17 18 22 27 47 59
20712 24, 4822 25, 26
30,231,2311.1 ‘

τάργύριον 4,9 17,2

ἀργυρίου 4, 10 6,1822,(μαρ-
τυρίου libri) 12,91111 19,
112134 31, 21 32,5920
20179

ἀργυρίῳ 28,9

ἀργυρώματα 156

Ἀράηττός S f 157

Ἀρδηττοῦ 61157 ·

Ἀρείου 1,30 30 6,15 7, 22

Ἀρείῳ 6,14 10, 31 11,12 12,
69 261112

Ἀρειον 10, 11

ἀρέσκει 30, 21

ἀρέσκοντας 19, 13

ἤρεσκε 12,50

τάρεστά 14,15

ἀρετή 2,257

ἀρετῆς 2, 25 33 47 63 71 74 76
10,2811,1018,911,2

ἀρετῇ 2, 23 424460 65 12,36

ἀρετήν 2,166 10 12 15 2026
40 43 51 54 58 61 66 67 69
8081 12,586 18,311 33,
7 114 Ph 232d Ph 234b

ἀρεταί 18,’25

ἀρεταῖς 14, 32

ἀρετάς 2,224 14, 18 30,1

Ἄρεως 2,4

ἀριθμῆσαι 1 1,5
ἠρίστων 3,11
τάριστεῖα 2, 43

ἀργύριον 1,25 3, 25 25 26 4,8 ἀριστερᾷ 161

 

